195,84	720,00
196,11	640,00
196,37	661,00
196,64	668,00
196,91	682,00
197,18	730,00
197,45	726,00
197,72	716,00
197,98	702,00
198,25	723,00
198,52	716,00
198,79	715,00
199,06	725,00
199,32	701,00
199,59	713,00
199,86	720,00
200,13	711,00
200,40	707,00
200,66	706,00
200,93	715,00
201,20	728,00
201,47	723,00
201,74	716,00
202,00	703,00
202,27	709,00
202,54	717,00
202,81	721,00
203,08	704,00
203,35	721,00
203,61	728,00
203,88	721,00
204,15	711,00
204,42	712,00
204,68	735,00
204,95	730,00
205,22	710,00
205,49	717,00
205,76	726,00
206,02	708,00
206,29	708,00
206,56	700,00
206,83	721,00
207,10	720,00
207,36	716,00
207,63	713,00
207,90	716,00
208,17	693,00
208,44	711,00
208,70	711,00
208,97	712,00
209,24	711,00
209,51	718,00
209,78	718,00
210,04	732,00
210,31	726,00
210,58	704,00
210,85	713,00
211,11	730,00
211,38	733,00
211,65	724,00
211,92	739,00
212,19	724,00
212,45	716,00
212,72	705,00
212,99	706,00
213,26	733,00
213,52	735,00
213,79	714,00
214,06	718,00
214,33	728,00
214,60	707,00
214,86	706,00
215,13	725,00
215,40	725,00
215,67	718,00
215,93	717,00
216,20	715,00
216,47	713,00
216,74	730,00
217,00	739,00
217,27	714,00
217,54	724,00
217,81	716,00
218,07	696,00
218,34	700,00
218,61	721,00
218,88	715,00
219,15	718,00
219,41	719,00
219,68	727,00
219,95	724,00
220,22	722,00
220,48	718,00
220,75	705,00
221,02	710,00
221,29	723,00
221,55	725,00
221,82	722,00
222,09	713,00
222,36	709,00
222,62	709,00
222,89	724,00
223,16	714,00
223,43	718,00
223,69	741,00
223,96	755,00
224,23	734,00
224,50	726,00
224,76	721,00
225,03	716,00
225,30	713,00
225,57	703,00
225,83	716,00
226,10	709,00
226,37	712,00
226,64	717,00
226,90	733,00
227,17	726,00
227,44	725,00
227,70	725,00
227,97	720,00
228,24	729,00
228,51	723,00
228,77	717,00
229,04	723,00
229,31	719,00
229,58	729,00
229,84	716,00
230,11	725,00
230,38	717,00
230,65	716,00
230,91	708,00
231,18	717,00
231,45	711,00
231,71	714,00
231,98	719,00
232,25	706,00
232,52	712,00
232,78	727,00
233,05	718,00
233,32	717,00
233,58	727,00
233,85	722,00
234,12	714,00
234,39	716,00
234,65	716,00
234,92	717,00
235,19	720,00
235,45	725,00
235,72	710,00
235,99	701,00
236,26	717,00
236,52	725,00
236,79	724,00
237,06	700,00
237,32	725,00
237,59	713,00
237,86	721,00
238,13	717,00
238,39	710,00
238,66	724,00
238,93	715,00
239,19	724,00
239,46	718,00
239,73	713,00
240,00	717,00
240,26	731,00
240,53	709,00
240,80	715,00
241,06	717,00
241,33	723,00
241,60	718,00
241,86	724,00
242,13	728,00
242,40	719,00
242,67	717,00
242,93	714,00
243,20	702,00
243,47	707,00
243,73	720,00
244,00	737,00
244,27	723,00
244,53	703,00
244,80	712,00
245,07	722,00
245,33	717,00
245,60	720,00
245,87	721,00
246,14	715,00
246,40	730,00
246,67	723,00
246,94	725,00
247,20	715,00
247,47	711,00
247,74	714,00
248,00	722,00
248,27	709,00
248,54	707,00
248,80	703,00
249,07	716,00
249,34	720,00
249,60	705,00
249,87	711,00
250,14	709,00
250,40	711,00
250,67	717,00
250,94	707,00
251,20	716,00
251,47	730,00
251,74	712,00
252,00	700,00
252,27	714,00
252,54	705,00
252,80	710,00
253,07	716,00
253,34	705,00
253,60	709,00
253,87	714,00
254,14	721,00
254,40	718,00
254,67	723,00
254,94	717,00
255,20	697,00
255,47	704,00
255,74	709,00
256,00	710,00
256,27	721,00
256,54	715,00
256,80	716,00
257,07	721,00
257,34	712,00
257,60	724,00
257,87	722,00
258,14	708,00
258,40	702,00
258,67	702,00
258,94	702,00
259,20	720,00
259,47	718,00
259,74	713,00
260,00	709,00
260,27	711,00
260,54	743,00
260,80	770,00
261,07	723,00
261,33	721,00
261,60	722,00
261,87	724,00
262,13	729,00
262,40	721,00
262,67	709,00
262,93	714,00
263,20	692,00
263,47	686,00
263,73	697,00
264,00	697,00
264,26	721,00
264,53	717,00
264,80	731,00
265,06	713,00
265,33	704,00
265,60	708,00
265,86	712,00
266,13	727,00
266,40	721,00
266,66	712,00
266,93	722,00
267,19	713,00
267,46	718,00
267,73	716,00
267,99	716,00
268,26	728,00
268,53	724,00
268,79	714,00
269,06	709,00
269,32	720,00
269,59	722,00
269,86	726,00
270,12	721,00
270,39	723,00
270,66	715,00
270,92	716,00
271,19	721,00
271,45	728,00
271,72	730,00
271,99	725,00
272,25	721,00
272,52	731,00
272,78	725,00
273,05	711,00
273,32	719,00
273,58	707,00
273,85	729,00
274,12	719,00
274,38	723,00
274,65	719,00
274,91	721,00
275,18	718,00
275,45	727,00
275,71	722,00
275,98	713,00
276,24	717,00
276,51	709,00
276,78	704,00
277,04	713,00
277,31	723,00
277,57	720,00
277,84	714,00
278,11	721,00
278,37	709,00
278,64	715,00
278,90	721,00
279,17	723,00
279,44	714,00
279,70	725,00
279,97	726,00
280,23	726,00
280,50	723,00
280,77	729,00
281,03	727,00
281,30	715,00
281,56	712,00
281,83	710,00
282,09	710,00
282,36	710,00
282,63	709,00
282,89	718,00
283,16	728,00
283,42	710,00
283,69	708,00
283,96	724,00
284,22	740,00
284,49	723,00
284,75	717,00
285,02	716,00
285,28	723,00
285,55	731,00
285,82	718,00
286,08	705,00
286,35	699,00
286,61	702,00
286,88	709,00
287,14	707,00
287,41	719,00
287,68	718,00
287,94	721,00
288,21	716,00
288,47	722,00
288,74	713,00
289,00	706,00
289,27	728,00
289,54	720,00
289,80	717,00
290,07	705,00
290,33	707,00
290,60	721,00
290,86	730,00
291,13	710,00
291,40	713,00
291,66	730,00
291,93	723,00
292,19	710,00
292,46	716,00
292,72	718,00
292,99	708,00
293,25	714,00
293,52	721,00
293,79	713,00
294,05	709,00
294,32	722,00
294,58	737,00
294,85	722,00
295,11	728,00
295,38	726,00
295,64	710,00
295,91	704,00
296,17	710,00
296,44	727,00
296,71	711,00
296,97	716,00
297,24	717,00
297,50	706,00
297,77	709,00
298,03	718,00
298,30	710,00
298,56	701,00
298,83	714,00
299,09	725,00
299,36	726,00
299,63	721,00
299,89	710,00
300,16	709,00
300,42	694,00
300,69	708,00
300,95	719,00
301,22	704,00
301,48	719,00
301,75	717,00
302,01	729,00
302,28	734,00
302,54	717,00
302,81	715,00
303,07	713,00
303,34	715,00
303,61	710,00
303,87	716,00
304,14	731,00
304,40	718,00
304,67	706,00
304,93	709,00
305,20	715,00
305,46	724,00
305,73	721,00
305,99	716,00
306,26	725,00
306,52	719,00
306,79	716,00
307,05	718,00
307,32	714,00
307,58	729,00
307,85	725,00
308,11	729,00
308,38	721,00
308,64	714,00
308,91	714,00
309,17	726,00
309,44	713,00
309,70	697,00
309,97	708,00
310,23	722,00
310,50	726,00
310,76	712,00
311,03	714,00
311,29	716,00
311,56	709,00
311,82	718,00
312,09	725,00
312,35	723,00
312,62	720,00
312,88	724,00
313,15	713,00
313,41	713,00
313,68	718,00
313,94	709,00
314,21	728,00
314,47	728,00
314,74	720,00
315,00	722,00
315,27	698,00
315,53	702,00
315,80	720,00
316,06	716,00
316,33	717,00
316,59	713,00
316,86	713,00
317,12	725,00
317,39	714,00
317,65	716,00
317,92	726,00
318,18	768,00
318,45	795,00
318,71	732,00
318,98	707,00
319,24	723,00
319,51	722,00
319,77	718,00
320,04	711,00
320,30	714,00
320,57	710,00
320,83	703,00
321,10	719,00
321,36	748,00
321,63	709,00
321,89	708,00
322,15	713,00
322,42	715,00
322,68	723,00
322,95	721,00
323,21	715,00
323,48	718,00
323,74	722,00
324,01	714,00
324,27	723,00
324,54	718,00
324,80	732,00
325,07	729,00
325,33	723,00
325,60	723,00
325,86	725,00
326,12	713,00
326,39	721,00
326,65	713,00
326,92	716,00
327,18	713,00
327,45	709,00
327,71	722,00
327,98	724,00
328,24	712,00
328,51	716,00
328,77	724,00
329,03	713,00
329,30	708,00
329,56	718,00
329,83	725,00
330,09	717,00
330,36	710,00
330,62	714,00
330,89	710,00
331,15	717,00
331,42	700,00
331,68	700,00
331,94	716,00
332,21	703,00
332,47	715,00
332,74	717,00
333,00	719,00
333,27	734,00
333,53	743,00
333,80	733,00
334,06	727,00
334,32	716,00
334,59	718,00
334,85	710,00
335,12	732,00
335,38	729,00
335,65	726,00
335,91	731,00
336,17	713,00
336,44	726,00
336,70	747,00
336,97	725,00
337,23	704,00
337,50	699,00
337,76	705,00
338,02	710,00
338,29	717,00
338,55	713,00
338,82	708,00
339,08	720,00
339,35	708,00
339,61	720,00
339,87	741,00
340,14	728,00
340,40	724,00
340,67	711,00
340,93	717,00
341,19	745,00
341,46	738,00
341,72	716,00
341,99	713,00
342,25	700,00
342,52	727,00
342,78	721,00
343,04	717,00
343,31	714,00
343,57	716,00
343,84	728,00
344,10	754,00
344,36	768,00
344,63	761,00
344,89	749,00
345,16	736,00
345,42	722,00
345,68	744,00
345,95	748,00
346,21	744,00
346,48	754,00
346,74	749,00
347,00	754,00
347,27	733,00
347,53	724,00
347,80	707,00
348,06	708,00
348,32	733,00
348,59	724,00
348,85	714,00
349,12	743,00
349,38	749,00
349,64	728,00
349,91	737,00
350,17	749,00
350,44	746,00
350,70	736,00
350,96	735,00
351,23	747,00
351,49	790,00
351,76	808,00
352,02	794,00
352,28	761,00
352,55	738,00
352,81	718,00
353,07	711,00
353,34	719,00
353,60	726,00
353,87	731,00
354,13	729,00
354,39	718,00
354,66	707,00
354,92	723,00
355,19	722,00
355,45	726,00
355,71	709,00
355,98	710,00
356,24	726,00
356,50	726,00
356,77	727,00
357,03	724,00
357,29	725,00
357,56	727,00
357,82	720,00
358,09	721,00
358,35	728,00
358,61	732,00
358,88	752,00
359,14	748,00
359,40	729,00
359,67	724,00
359,93	714,00
360,20	729,00
360,46	735,00
360,72	726,00
360,99	724,00
361,25	727,00
361,51	724,00
361,78	723,00
362,04	723,00
362,30	726,00
362,57	728,00
362,83	726,00
363,09	703,00
363,36	722,00
363,62	724,00
363,88	710,00
364,15	717,00
364,41	718,00
364,68	725,00
364,94	710,00
365,20	723,00
365,47	729,00
365,73	712,00
365,99	714,00
366,26	716,00
366,52	723,00
366,78	733,00
367,05	731,00
367,31	714,00
367,57	725,00
367,84	737,00
368,10	732,00
368,36	720,00
368,63	712,00
368,89	712,00
369,15	711,00
369,42	718,00
369,68	722,00
369,94	727,00
370,21	738,00
370,47	710,00
370,73	702,00
371,00	716,00
371,26	714,00
371,52	713,00
371,79	724,00
372,05	720,00
372,31	707,00
372,58	713,00
372,84	720,00
373,10	723,00
373,37	717,00
373,63	704,00
373,89	718,00
374,16	720,00
374,42	716,00
374,68	705,00
374,95	714,00
375,21	718,00
375,47	710,00
375,73	708,00
376,00	716,00
376,26	731,00
376,52	724,00
376,79	718,00
377,05	719,00
377,31	717,00
377,58	717,00
377,84	723,00
378,10	718,00
378,37	722,00
378,63	717,00
378,89	694,00
379,15	710,00
379,42	718,00
379,68	707,00
379,94	719,00
380,21	718,00
380,47	729,00
380,73	721,00
381,00	719,00
381,26	737,00
381,52	760,00
381,78	746,00
382,05	732,00
382,31	723,00
382,57	715,00
382,84	724,00
383,10	727,00
383,36	726,00
383,63	724,00
383,89	712,00
384,15	701,00
384,41	713,00
384,68	714,00
384,94	715,00
385,20	729,00
385,47	727,00
385,73	723,00
385,99	732,00
386,25	736,00
386,52	754,00
386,78	794,00
387,04	884,00
387,31	970,00
387,57	1081,00
387,83	1187,00
388,09	1312,00
388,36	1923,00
388,62	2096,00
388,88	1171,00
389,14	833,00
389,41	758,00
389,67	735,00
389,93	727,00
390,20	713,00
390,46	722,00
390,72	728,00
390,98	717,00
391,25	708,00
391,51	710,00
391,77	714,00
392,03	706,00
392,30	703,00
392,56	712,00
392,82	713,00
393,09	723,00
393,35	717,00
393,61	702,00
393,87	712,00
394,14	701,00
394,40	716,00
394,66	724,00
394,92	735,00
395,19	729,00
395,45	718,00
395,71	738,00
395,97	766,00
396,24	758,00
396,50	728,00
396,76	720,00
397,02	738,00
397,29	721,00
397,55	725,00
397,81	714,00
398,07	705,00
398,34	708,00
398,60	715,00
398,86	710,00
399,12	707,00
399,39	701,00
399,65	719,00
399,91	731,00
400,17	729,00
400,44	731,00
400,70	723,00
400,96	726,00
401,22	735,00
401,48	755,00
401,75	763,00
402,01	788,00
402,27	830,00
402,53	777,00
402,80	733,00
403,06	717,00
403,32	706,00
403,58	710,00
403,85	721,00
404,11	724,00
404,37	717,00
404,63	707,00
404,90	723,00
405,16	726,00
405,42	716,00
405,68	709,00
405,94	716,00
406,21	719,00
406,47	715,00
406,73	724,00
406,99	724,00
407,26	708,00
407,52	715,00
407,78	712,00
408,04	723,00
408,30	722,00
408,57	704,00
408,83	707,00
409,09	711,00
409,35	720,00
409,61	719,00
409,88	723,00
410,14	713,00
410,40	721,00
410,66	727,00
410,93	732,00
411,19	721,00
411,45	730,00
411,71	754,00
411,97	747,00
412,24	715,00
412,50	709,00
412,76	710,00
413,02	725,00
413,28	728,00
413,55	717,00
413,81	709,00
414,07	723,00
414,33	723,00
414,59	716,00
414,86	717,00
415,12	718,00
415,38	730,00
415,64	716,00
415,90	728,00
416,17	726,00
416,43	715,00
416,69	714,00
416,95	718,00
417,21	719,00
417,47	713,00
417,74	713,00
418,00	708,00
418,26	710,00
418,52	714,00
418,78	706,00
419,05	717,00
419,31	722,00
419,57	708,00
419,83	703,00
420,09	702,00
420,35	715,00
420,62	713,00
420,88	727,00
421,14	711,00
421,40	703,00
421,66	698,00
421,93	701,00
422,19	700,00
422,45	712,00
422,71	720,00
422,97	707,00
423,23	703,00
423,50	721,00
423,76	697,00
424,02	710,00
424,28	723,00
424,54	717,00
424,80	712,00
425,07	704,00
425,33	708,00
425,59	710,00
425,85	712,00
426,11	699,00
426,37	699,00
426,64	707,00
426,90	722,00
427,16	720,00
427,42	719,00
427,68	715,00
427,94	712,00
428,20	706,00
428,47	712,00
428,73	710,00
428,99	710,00
429,25	720,00
429,51	712,00
429,77	715,00
430,04	711,00
430,30	708,00
430,56	716,00
430,82	712,00
431,08	729,00
431,34	731,00
431,60	716,00
431,87	710,00
432,13	718,00
432,39	734,00
432,65	729,00
432,91	720,00
433,17	704,00
433,43	702,00
433,70	708,00
433,96	716,00
434,22	724,00
434,48	713,00
434,74	727,00
435,00	732,00
435,26	728,00
435,52	719,00
435,79	711,00
436,05	716,00
436,31	717,00
436,57	717,00
436,83	721,00
437,09	725,00
437,35	714,00
437,61	728,00
437,88	741,00
438,14	737,00
438,40	756,00
438,66	768,00
438,92	725,00
439,18	719,00
439,44	718,00
439,70	710,00
439,97	706,00
440,23	703,00
440,49	718,00
440,75	712,00
441,01	722,00
441,27	728,00
441,53	723,00
441,79	730,00
442,06	742,00
442,32	726,00
442,58	741,00
442,84	734,00
443,10	735,00
443,36	725,00
443,62	730,00
443,88	728,00
444,14	724,00
444,40	726,00
444,67	722,00
444,93	721,00
445,19	747,00
445,45	798,00
445,71	914,00
445,97	1031,00
446,23	1068,00
446,49	1067,00
446,75	1323,00
447,01	1269,00
447,28	848,00
447,54	769,00
447,80	755,00
448,06	745,00
448,32	721,00
448,58	724,00
448,84	717,00
449,10	720,00
449,36	731,00
449,62	723,00
449,88	709,00
450,15	717,00
450,41	717,00
450,67	719,00
450,93	729,00
451,19	721,00
451,45	729,00
451,71	719,00
451,97	702,00
452,23	710,00
452,49	711,00
452,75	715,00
453,01	707,00
453,28	719,00
453,54	711,00
453,80	721,00
454,06	707,00
454,32	719,00
454,58	736,00
454,84	720,00
455,10	707,00
455,36	724,00
455,62	717,00
455,88	706,00
456,14	697,00
456,40	714,00
456,66	729,00
456,93	735,00
457,19	726,00
457,45	727,00
457,71	716,00
457,97	709,00
458,23	705,00
458,49	711,00
458,75	708,00
459,01	720,00
459,27	707,00
459,53	709,00
459,79	714,00
460,05	723,00
460,31	724,00
460,57	720,00
460,83	717,00
461,09	711,00
461,35	715,00
461,62	721,00
461,88	727,00
462,14	710,00
462,40	715,00
462,66	716,00
462,92	724,00
463,18	712,00
463,44	718,00
463,70	718,00
463,96	737,00
464,22	724,00
464,48	713,00
464,74	714,00
465,00	736,00
465,26	720,00
465,52	719,00
465,78	728,00
466,04	731,00
466,30	733,00
466,56	732,00
466,82	733,00
467,08	718,00
467,34	716,00
467,60	729,00
467,86	729,00
468,12	727,00
468,39	723,00
468,65	727,00
468,91	738,00
469,17	742,00
469,43	779,00
469,69	822,00
469,95	884,00
470,21	974,00
470,47	972,00
470,73	948,00
470,99	1033,00
471,25	963,00
471,51	776,00
471,77	732,00
472,03	733,00
472,29	729,00
472,55	715,00
472,81	710,00
473,07	722,00
473,33	734,00
473,59	728,00
473,85	727,00
474,11	731,00
474,37	746,00
474,63	747,00
474,89	744,00
475,15	732,00
475,41	713,00
475,67	727,00
475,93	733,00
476,19	720,00
476,45	700,00
476,71	700,00
476,97	709,00
477,23	729,00
477,49	726,00
477,75	725,00
478,01	743,00
478,27	735,00
478,53	747,00
478,79	729,00
479,05	721,00
479,31	724,00
479,57	724,00
479,83	735,00
480,09	751,00
480,35	733,00
480,61	727,00
480,87	754,00
481,13	734,00
481,39	736,00
481,65	748,00
481,91	730,00
482,17	727,00
482,43	740,00
482,69	746,00
482,95	747,00
483,21	745,00
483,47	754,00
483,73	744,00
483,99	725,00
484,25	739,00
484,51	727,00
484,77	716,00
485,03	730,00
485,29	734,00
485,55	733,00
485,80	742,00
486,06	761,00
486,32	748,00
486,58	729,00
486,84	732,00
487,10	737,00
487,36	730,00
487,62	729,00
487,88	746,00
488,14	759,00
488,40	748,00
488,66	741,00
488,92	738,00
489,18	719,00
489,44	717,00
489,70	733,00
489,96	728,00
490,22	728,00
490,48	743,00
490,74	795,00
491,00	936,00
491,26	1045,00
491,52	946,00
491,78	1029,00
492,04	1187,00
492,30	836,00
492,55	753,00
492,81	740,00
493,07	726,00
493,33	723,00
493,59	729,00
493,85	725,00
494,11	743,00
494,37	790,00
494,63	739,00
494,89	724,00
495,15	721,00
495,41	737,00
495,67	723,00
495,93	707,00
496,19	721,00
496,45	728,00
496,71	730,00
496,96	738,00
497,22	726,00
497,48	728,00
497,74	736,00
498,00	731,00
498,26	725,00
498,52	733,00
498,78	749,00
499,04	744,00
499,30	766,00
499,56	787,00
499,82	839,00
500,08	1026,00
500,34	1518,00
500,60	1995,00
500,85	1683,00
501,11	1823,00
501,37	2417,00
501,63	1326,00
501,89	884,00
502,15	836,00
502,41	856,00
502,67	916,00
502,93	951,00
503,19	892,00
503,45	986,00
503,71	1045,00
503,96	940,00
504,22	863,00
504,48	945,00
504,74	903,00
505,00	770,00
505,26	725,00
505,52	716,00
505,78	726,00
506,04	739,00
506,30	747,00
506,56	756,00
506,81	794,00
507,07	856,00
507,33	827,00
507,59	812,00
507,85	829,00
508,11	742,00
508,37	739,00
508,63	725,00
508,89	733,00
509,15	729,00
509,40	716,00
509,66	720,00
509,92	733,00
510,18	738,00
510,44	761,00
510,70	782,00
510,96	778,00
511,22	798,00
511,48	806,00
511,73	756,00
511,99	739,00
512,25	731,00
512,51	725,00
512,77	732,00
513,03	724,00
513,29	739,00
513,55	774,00
513,80	771,00
514,06	792,00
514,32	846,00
514,58	792,00
514,84	768,00
515,10	791,00
515,36	756,00
515,62	727,00
515,88	724,00
516,13	714,00
516,39	715,00
516,65	712,00
516,91	711,00
517,17	718,00
517,43	740,00
517,69	775,00
517,94	802,00
518,20	794,00
518,46	809,00
518,72	822,00
518,98	798,00
519,24	799,00
519,50	800,00
519,76	787,00
520,01	823,00
520,27	833,00
520,53	785,00
520,79	775,00
521,05	748,00
521,31	756,00
521,57	748,00
521,82	739,00
522,08	761,00
522,34	749,00
522,60	728,00
522,86	730,00
523,12	743,00
523,37	739,00
523,63	719,00
523,89	715,00
524,15	717,00
524,41	718,00
524,67	713,00
524,93	719,00
525,18	726,00
525,44	714,00
525,70	725,00
525,96	738,00
526,22	716,00
526,48	731,00
526,73	721,00
526,99	719,00
527,25	735,00
527,51	742,00
527,77	737,00
528,03	721,00
528,28	713,00
528,54	731,00
528,80	733,00
529,06	740,00
529,32	738,00
529,58	752,00
529,83	731,00
530,09	730,00
530,35	749,00
530,61	736,00
530,87	739,00
531,13	740,00
531,38	746,00
531,64	792,00
531,90	896,00
532,16	1010,00
532,42	942,00
532,67	1006,00
532,93	1211,00
533,19	1125,00
533,45	1033,00
533,71	1003,00
533,97	1126,00
534,22	926,00
534,48	761,00
534,74	764,00
535,00	771,00
535,26	767,00
535,51	752,00
535,77	749,00
536,03	762,00
536,29	776,00
536,55	763,00
536,80	762,00
537,06	749,00
537,32	730,00
537,58	729,00
537,84	715,00
538,09	720,00
538,35	719,00
538,61	718,00
538,87	734,00
539,13	761,00
539,38	739,00
539,64	755,00
539,90	765,00
540,16	734,00
540,42	732,00
540,67	729,00
540,93	740,00
541,19	742,00
541,45	738,00
541,71	740,00
541,96	749,00
542,22	793,00
542,48	822,00
542,74	787,00
542,99	801,00
543,25	838,00
543,51	750,00
543,77	737,00
544,03	738,00
544,28	725,00
544,54	717,00
544,80	718,00
545,06	737,00
545,31	741,00
545,57	727,00
545,83	727,00
546,09	733,00
546,35	725,00
546,60	728,00
546,86	729,00
547,12	728,00
547,38	722,00
547,63	719,00
547,89	708,00
548,15	708,00
548,41	717,00
548,66	724,00
548,92	727,00
549,18	725,00
549,44	713,00
549,69	716,00
549,95	701,00
550,21	717,00
550,47	729,00
550,73	716,00
550,98	730,00
551,24	728,00
551,50	711,00
551,76	725,00
552,01	722,00
552,27	727,00
552,53	725,00
552,79	729,00
553,04	728,00
553,30	732,00
553,56	717,00
553,82	720,00
554,07	713,00
554,33	723,00
554,59	715,00
554,85	723,00
555,10	749,00
555,36	775,00
555,62	749,00
555,87	730,00
556,13	747,00
556,39	738,00
556,65	722,00
556,90	717,00
557,16	733,00
557,42	735,00
557,68	727,00
557,93	720,00
558,19	730,00
558,45	732,00
558,71	738,00
558,96	717,00
559,22	710,00
559,48	722,00
559,73	712,00
559,99	717,00
560,25	712,00
560,51	713,00
560,76	724,00
561,02	722,00
561,28	727,00
561,54	719,00
561,79	723,00
562,05	722,00
562,31	723,00
562,56	729,00
562,82	734,00
563,08	726,00
563,34	719,00
563,59	736,00
563,85	734,00
564,11	725,00
564,36	748,00
564,62	781,00
564,88	806,00
565,14	796,00
565,39	821,00
565,65	803,00
565,91	768,00
566,16	765,00
566,42	734,00
566,68	738,00
566,93	720,00
567,19	723,00
567,45	730,00
567,71	758,00
567,96	821,00
568,22	855,00
568,48	803,00
568,73	822,00
568,99	797,00
569,25	739,00
569,50	731,00
569,76	753,00
570,02	723,00
570,27	728,00
570,53	740,00
570,79	755,00
571,05	765,00
571,30	740,00
571,56	745,00
571,82	768,00
572,07	749,00
572,33	736,00
572,59	737,00
572,84	740,00
573,10	750,00
573,36	758,00
573,61	814,00
573,87	928,00
574,13	961,00
574,38	904,00
574,64	972,00
574,90	927,00
575,15	1057,00
575,41	1523,00
575,67	1833,00
575,92	1456,00
576,18	1592,00
576,44	1462,00
576,69	900,00
576,95	802,00
577,21	762,00
577,46	740,00
577,72	738,00
577,98	738,00
578,23	728,00
578,49	736,00
578,75	741,00
579,00	766,00
579,26	810,00
579,52	889,00
579,77	897,00
580,03	878,00
580,29	936,00
580,54	884,00
580,80	989,00
581,06	1286,00
581,31	1357,00
581,57	1160,00
581,83	1301,00
582,08	1059,00
582,34	849,00
582,60	798,00
582,85	811,00
583,11	807,00
583,37	828,00
583,62	928,00
583,88	1216,00
584,13	2261,00
584,39	3668,00
584,65	3058,00
584,90	2808,00
585,16	3437,00
585,42	1505,00
585,67	1085,00
585,93	1147,00
586,19	1606,00
586,44	3556,00
586,70	6285,00
586,95	5611,00
587,21	5483,00
587,47	6871,00
587,72	2866,00
587,98	2162,00
588,24	1564,00
588,49	987,00
588,75	891,00
589,00	913,00
589,26	1010,00
589,52	1152,00
589,77	1149,00
590,03	1178,00
590,29	1088,00
590,54	1059,00
590,80	902,00
591,05	889,00
591,31	879,00
591,57	810,00
591,82	820,00
592,08	793,00
592,34	794,00
592,59	823,00
592,85	910,00
593,10	1131,00
593,36	1941,00
593,62	3181,00
593,87	2870,00
594,13	2398,00
594,38	2917,00
594,64	1339,00
594,90	923,00
595,15	857,00
595,41	874,00
595,66	939,00
595,92	964,00
596,18	987,00
596,43	1287,00
596,69	1568,00
596,94	1356,00
597,20	1287,00
597,46	1366,00
597,71	981,00
597,97	973,00
598,22	949,00
598,48	944,00
598,74	936,00
598,99	863,00
599,25	818,00
599,50	795,00
599,76	776,00
600,02	776,00
600,27	752,00
600,53	754,00
600,78	760,00
601,04	754,00
601,29	748,00
601,55	784,00
601,81	934,00
602,06	1259,00
602,32	1364,00
602,57	1155,00
602,83	1257,00
603,08	988,00
603,34	813,00
603,60	820,00
603,85	852,00
604,11	838,00
604,36	840,00
604,62	835,00
604,88	793,00
605,13	773,00
605,39	790,00
605,64	818,00
605,90	882,00
606,15	1104,00
606,41	1934,00
606,66	2766,00
606,92	2145,00
607,18	2149,00
607,43	2087,00
607,69	1118,00
607,94	995,00
608,20	1156,00
608,45	2114,00
608,71	4240,00
608,96	4693,00
609,22	3389,00
609,48	4132,00
609,73	2061,00
609,99	1116,00
610,24	915,00
610,50	889,00
610,75	942,00
611,01	1050,00
611,26	969,00
611,52	968,00
611,78	1012,00
612,03	922,00
612,29	898,00
612,54	945,00
612,80	1140,00
613,05	1698,00
613,31	3788,00
613,56	5707,00
613,82	4207,00
614,07	4299,00
614,33	3645,00
614,58	1441,00
614,84	1082,00
615,10	1147,00
615,35	1756,00
615,61	2433,00
615,86	1925,00
616,12	1875,00
616,37	1755,00
616,63	1054,00
616,88	921,00
617,14	963,00
617,39	1134,00
617,65	1054,00
617,90	985,00
618,16	1035,00
618,41	835,00
618,67	779,00
618,92	774,00
619,18	778,00
619,44	775,00
619,69	793,00
619,95	816,00
620,20	857,00
620,46	1019,00
620,71	1313,00
620,97	1533,00
621,22	1399,00
621,48	1268,00
621,73	1180,00
621,99	852,00
622,24	778,00
622,50	776,00
622,75	762,00
623,01	763,00
623,26	760,00
623,52	770,00
623,77	818,00
624,03	836,00
624,28	823,00
624,54	839,00
624,79	836,00
625,05	896,00
625,30	1062,00
625,56	1866,00
625,81	3386,00
626,07	3304,00
626,32	2583,00
626,58	2964,00
626,83	1350,00
627,09	971,00
627,34	852,00
627,60	811,00
627,85	814,00
628,11	826,00
628,36	920,00
628,62	1029,00
628,87	997,00
629,13	1013,00
629,38	1210,00
629,63	1526,00
629,89	1524,00
630,14	1297,00
630,40	1430,00
630,65	995,00
630,91	874,00
631,16	869,00
631,42	932,00
631,67	1243,00
631,93	2017,00
632,18	2565,00
632,44	3200,00
632,69	4584,00
632,95	3284,00
633,20	2689,00
633,46	2421,00
633,71	1166,00
633,97	932,00
634,22	933,00
634,47	969,00
634,73	881,00
634,98	913,00
635,24	898,00
635,49	814,00
635,75	818,00
636,00	843,00
636,26	864,00
636,51	909,00
636,77	981,00
637,02	1241,00
637,28	2488,00
637,53	4224,00
637,78	3679,00
638,04	3203,00
638,29	3245,00
638,55	1682,00
638,80	1889,00
639,06	4224,00
639,31	10112,00
639,57	13065,00
639,82	11285,00
640,07	12777,00
640,33	6297,00
640,58	2810,00
640,84	1402,00
641,09	1080,00
641,35	955,00
641,60	877,00
641,86	825,00
642,11	795,00
642,36	781,00
642,62	770,00
642,87	756,00
643,13	768,00
643,38	784,00
643,64	821,00
643,89	828,00
644,14	803,00
644,40	809,00
644,65	758,00
644,91	753,00
645,16	750,00
645,42	748,00
645,67	752,00
645,92	744,00
646,18	743,00
646,43	753,00
646,69	760,00
646,94	756,00
647,20	765,00
647,45	768,00
647,70	776,00
647,96	768,00
648,21	771,00
648,47	794,00
648,72	831,00
648,97	882,00
649,23	1035,00
649,48	1688,00
649,74	3998,00
649,99	5800,00
650,25	4335,00
650,50	4414,00
650,75	2544,00
651,01	1241,00
651,26	966,00
651,52	878,00
651,77	859,00
652,02	880,00
652,28	1193,00
652,53	1720,00
652,79	1601,00
653,04	1402,00
653,29	1332,00
653,55	887,00
653,80	785,00
654,06	763,00
654,31	750,00
654,56	747,00
654,82	746,00
655,07	743,00
655,32	768,00
655,58	765,00
655,83	753,00
656,09	746,00
656,34	746,00
656,59	751,00
656,85	752,00
657,10	753,00
657,36	758,00
657,61	763,00
657,86	775,00
658,12	792,00
658,37	832,00
658,62	964,00
658,88	1694,00
659,13	2920,00
659,39	2808,00
659,64	2310,00
659,89	2177,00
660,15	1111,00
660,40	873,00
660,65	800,00
660,91	784,00
661,16	778,00
661,42	769,00
661,67	764,00
661,92	765,00
662,18	758,00
662,43	757,00
662,68	749,00
662,94	748,00
663,19	758,00
663,44	770,00
663,70	765,00
663,95	781,00
664,21	778,00
664,46	786,00
664,71	787,00
664,97	788,00
665,22	815,00
665,47	843,00
665,73	876,00
665,98	930,00
666,23	1058,00
666,49	1380,00
666,74	3029,00
666,99	7874,00
667,25	10451,00
667,50	7497,00
667,75	7628,00
668,01	3126,00
668,26	1517,00
668,51	1109,00
668,77	936,00
669,02	865,00
669,28	825,00
669,53	801,00
669,78	813,00
670,04	833,00
670,29	871,00
670,54	1126,00
670,80	2195,00
671,05	3230,00
671,30	2590,00
671,56	2436,00
671,81	1564,00
672,06	957,00
672,31	824,00
672,57	774,00
672,82	768,00
673,07	767,00
673,33	760,00
673,58	750,00
673,83	734,00
674,09	736,00
674,34	736,00
674,59	724,00
674,85	725,00
675,10	728,00
675,35	726,00
675,61	722,00
675,86	747,00
676,11	740,00
676,37	729,00
676,62	731,00
676,87	727,00
677,13	730,00
677,38	725,00
677,63	723,00
677,88	732,00
678,14	737,00
678,39	730,00
678,64	727,00
678,90	721,00
679,15	725,00
679,40	732,00
679,66	726,00
679,91	721,00
680,16	725,00
680,41	723,00
680,67	718,00
680,92	722,00
681,17	736,00
681,43	728,00
681,68	724,00
681,93	728,00
682,19	732,00
682,44	735,00
682,69	735,00
682,94	722,00
683,20	717,00
683,45	726,00
683,70	720,00
683,96	728,00
684,21	731,00
684,46	730,00
684,71	727,00
684,97	724,00
685,22	735,00
685,47	724,00
685,73	716,00
685,98	706,00
686,23	711,00
686,48	722,00
686,74	727,00
686,99	737,00
687,24	735,00
687,49	740,00
687,75	739,00
688,00	739,00
688,25	729,00
688,51	729,00
688,76	715,00
689,01	726,00
689,26	728,00
689,52	731,00
689,77	739,00
690,02	734,00
690,27	745,00
690,53	745,00
690,78	737,00
691,03	768,00
691,28	795,00
691,54	848,00
691,79	1090,00
692,04	2245,00
692,29	3579,00
692,55	3067,00
692,80	2699,00
693,05	1625,00
693,30	1005,00
693,56	841,00
693,81	790,00
694,06	770,00
694,31	760,00
694,57	755,00
694,82	744,00
695,07	744,00
695,32	734,00
695,58	739,00
695,83	730,00
696,08	719,00
696,33	735,00
696,59	740,00
696,84	740,00
697,09	741,00
697,34	740,00
697,60	724,00
697,85	728,00
698,10	734,00
698,35	730,00
698,60	748,00
698,86	749,00
699,11	748,00
699,36	761,00
699,61	753,00
699,87	764,00
700,12	780,00
700,37	775,00
700,62	777,00
700,87	781,00
701,13	811,00
701,38	883,00
701,63	1015,00
701,88	1158,00
702,14	1750,00
702,39	4208,00
702,64	6312,00
702,89	4839,00
703,14	4346,00
703,40	2009,00
703,65	1176,00
703,90	974,00
704,15	904,00
704,40	915,00
704,66	926,00
704,91	990,00
705,16	1177,00
705,41	1762,00
705,67	4040,00
705,92	6259,00
706,17	4952,00
706,42	4300,00
706,67	1997,00
706,93	1153,00
707,18	927,00
707,43	831,00
707,68	797,00
707,93	782,00
708,18	769,00
708,44	766,00
708,69	765,00
708,94	740,00
709,19	751,00
709,44	740,00
709,70	724,00
709,95	724,00
710,20	724,00
710,45	738,00
710,70	737,00
710,96	741,00
711,21	733,00
711,46	718,00
711,71	723,00
711,96	729,00
712,21	734,00
712,47	747,00
712,72	731,00
712,97	730,00
713,22	730,00
713,47	730,00
713,73	730,00
713,98	725,00
714,23	723,00
714,48	715,00
714,73	719,00
714,98	719,00
715,24	725,00
715,49	732,00
715,74	732,00
715,99	749,00
716,24	778,00
716,49	918,00
716,75	1096,00
717,00	1053,00
717,25	991,00
717,50	827,00
717,75	742,00
718,00	736,00
718,25	738,00
718,51	732,00
718,76	737,00
719,01	730,00
719,26	716,00
719,51	709,00
719,76	725,00
720,02	730,00
720,27	734,00
720,52	724,00
720,77	730,00
721,02	732,00
721,27	736,00
721,52	744,00
721,78	733,00
722,03	740,00
722,28	754,00
722,53	761,00
722,78	768,00
723,03	783,00
723,28	850,00
723,54	1297,00
723,79	2361,00
724,04	2718,00
724,29	2049,00
724,54	1605,00
724,79	990,00
725,04	837,00
725,29	793,00
725,55	770,00
725,80	755,00
726,05	765,00
726,30	773,00
726,55	773,00
726,80	791,00
727,05	955,00
727,30	1678,00
727,56	2630,00
727,81	2407,00
728,06	2017,00
728,31	1259,00
728,56	918,00
728,81	800,00
729,06	773,00
729,31	758,00
729,57	766,00
729,82	804,00
730,07	813,00
730,32	768,00
730,57	742,00
730,82	737,00
731,07	725,00
731,32	718,00
731,57	716,00
731,82	720,00
732,08	716,00
732,33	724,00
732,58	732,00
732,83	734,00
733,08	721,00
733,33	720,00
733,58	716,00
733,83	722,00
734,08	727,00
734,33	731,00
734,59	725,00
734,84	723,00
735,09	723,00
735,34	726,00
735,59	730,00
735,84	742,00
736,09	718,00
736,34	717,00
736,59	726,00
736,84	735,00
737,09	725,00
737,35	720,00
737,60	722,00
737,85	717,00
738,10	717,00
738,35	721,00
738,60	720,00
738,85	733,00
739,10	727,00
739,35	712,00
739,60	727,00
739,85	724,00
740,10	724,00
740,35	714,00
740,61	713,00
740,86	727,00
741,11	729,00
741,36	727,00
741,61	727,00
741,86	734,00
742,11	732,00
742,36	727,00
742,61	735,00
742,86	805,00
743,11	1047,00
743,36	1188,00
743,61	1046,00
743,86	952,00
744,11	793,00
744,36	744,00
744,62	730,00
744,87	722,00
745,12	729,00
745,37	728,00
745,62	733,00
745,87	708,00
746,12	728,00
746,37	739,00
746,62	762,00
746,87	758,00
747,12	749,00
747,37	740,00
747,62	756,00
747,87	825,00
748,12	1078,00
748,37	1280,00
748,62	1097,00
748,87	969,00
749,12	792,00
749,37	748,00
749,62	747,00
749,87	732,00
750,12	724,00
750,38	729,00
750,63	731,00
750,88	722,00
751,13	728,00
751,38	737,00
751,63	740,00
751,88	735,00
752,13	739,00
752,38	756,00
752,63	869,00
752,88	1112,00
753,13	1174,00
753,38	1075,00
753,63	997,00
753,88	982,00
754,13	888,00
754,38	843,00
754,63	768,00
754,88	732,00
755,13	717,00
755,38	709,00
755,63	716,00
755,88	722,00
756,13	720,00
756,38	717,00
756,63	726,00
756,88	718,00
757,13	725,00
757,38	725,00
757,63	738,00
757,88	735,00
758,13	728,00
758,38	729,00
758,63	724,00
758,88	722,00
759,13	717,00
759,38	719,00
759,63	719,00
759,88	705,00
760,13	723,00
760,38	726,00
760,63	715,00
760,88	705,00
761,13	713,00
761,38	711,00
761,63	731,00
761,88	723,00
762,13	722,00
762,38	718,00
762,63	721,00
762,88	716,00
763,13	727,00
763,38	741,00
763,63	717,00
763,88	702,00
764,13	713,00
764,38	722,00
764,63	722,00
764,88	717,00
765,13	704,00
765,38	707,00
765,63	722,00
765,88	712,00
766,13	711,00
766,38	714,00
766,63	708,00
766,88	715,00
767,13	726,00
767,37	726,00
767,62	709,00
767,87	709,00
768,12	717,00
768,37	720,00
768,62	735,00
768,87	723,00
769,12	721,00
769,37	726,00
769,62	718,00
769,87	718,00
770,12	724,00
770,37	717,00
770,62	714,00
770,87	722,00
771,12	726,00
771,37	715,00
771,62	730,00
771,87	726,00
772,12	714,00
772,37	723,00
772,62	715,00
772,86	722,00
773,11	711,00
773,36	715,00
773,61	719,00
773,86	728,00
774,11	716,00
774,36	717,00
774,61	723,00
774,86	708,00
775,11	708,00
775,36	723,00
775,61	724,00
775,86	715,00
776,11	716,00
776,36	714,00
776,61	722,00
776,85	729,00
777,10	731,00
777,35	734,00
777,60	725,00
777,85	713,00
778,10	718,00
778,35	732,00
778,60	714,00
778,85	706,00
779,10	718,00
779,35	716,00
779,60	710,00
779,85	723,00
780,09	732,00
780,34	712,00
780,59	713,00
780,84	718,00
781,09	721,00
781,34	723,00
781,59	711,00
781,84	710,00
782,09	722,00
782,34	728,00
782,59	732,00
782,83	723,00
783,08	728,00
783,33	735,00
783,58	717,00
783,83	720,00
784,08	730,00
784,33	730,00
784,58	725,00
784,83	712,00
785,08	708,00
785,32	720,00
785,57	730,00
785,82	728,00
786,07	728,00
786,32	711,00
786,57	708,00
786,82	723,00
787,07	729,00
787,32	728,00
787,57	712,00
787,81	708,00
788,06	716,00
788,31	711,00
788,56	717,00
788,81	704,00
789,06	711,00
789,31	720,00
789,56	728,00
789,80	731,00
790,05	723,00
790,30	740,00
790,55	730,00
790,80	719,00
791,05	725,00
791,30	724,00
791,55	726,00
791,79	728,00
792,04	720,00
792,29	730,00
792,54	728,00
792,79	720,00
793,04	733,00
793,29	768,00
793,54	785,00
793,78	796,00
794,03	781,00
794,28	768,00
794,53	743,00
794,78	722,00
795,03	716,00
795,28	732,00
795,52	721,00
795,77	724,00
796,02	731,00
796,27	722,00
796,52	723,00
796,77	735,00
797,01	730,00
797,26	710,00
797,51	728,00
797,76	721,00
798,01	721,00
798,26	713,00
798,51	703,00
798,75	711,00
799,00	716,00
799,25	720,00
799,50	723,00
799,75	720,00
800,00	709,00
800,24	709,00
800,49	710,00
800,74	729,00
800,99	726,00
801,24	709,00
801,49	721,00
801,73	729,00
801,98	722,00
802,23	715,00
802,48	713,00
802,73	710,00
802,98	707,00
803,22	712,00
803,47	724,00
803,72	719,00
803,97	723,00
804,22	719,00
804,47	714,00
804,71	700,00
804,96	717,00
805,21	729,00
805,46	727,00
805,71	717,00
805,95	723,00
806,20	726,00
806,45	723,00
806,70	735,00
806,95	727,00
807,19	728,00
807,44	735,00
807,69	741,00
807,94	736,00
808,19	730,00
808,43	712,00
808,68	713,00
808,93	720,00
809,18	726,00
809,43	723,00
809,67	716,00
809,92	717,00
810,17	727,00
810,42	726,00
810,67	727,00
810,91	729,00
811,16	748,00
811,41	742,00
811,66	746,00
811,91	734,00
812,15	732,00
812,40	727,00
812,65	774,00
812,90	828,00
813,15	853,00
813,39	806,00
813,64	757,00
813,89	732,00
814,14	729,00
814,38	724,00
814,63	708,00
814,88	716,00
815,13	720,00
815,38	717,00
815,62	710,00
815,87	723,00
816,12	722,00
816,37	727,00
816,61	725,00
816,86	721,00
817,11	718,00
817,36	712,00
817,61	712,00
817,85	717,00
818,10	718,00
818,35	727,00
818,60	721,00
818,84	724,00
819,09	720,00
819,34	726,00
819,59	719,00
819,83	717,00
820,08	721,00
820,33	717,00
820,58	720,00
820,82	716,00
821,07	712,00
821,32	719,00
821,57	715,00
821,81	729,00
822,06	726,00
822,31	738,00
822,56	725,00
822,80	711,00
823,05	721,00
823,30	728,00
823,55	727,00
823,79	720,00
824,04	722,00
824,29	729,00
824,54	721,00
824,78	717,00
825,03	745,00
825,28	758,00
825,53	749,00
825,77	755,00
826,02	781,00
826,27	776,00
826,51	752,00
826,76	737,00
827,01	737,00
827,26	721,00
827,50	718,00
827,75	729,00
828,00	728,00
828,25	713,00
828,49	721,00
828,74	730,00
828,99	757,00
829,23	868,00
829,48	964,00
829,73	896,00
829,98	829,00
830,22	752,00
830,47	748,00
830,72	732,00
830,96	726,00
831,21	735,00
831,46	734,00
831,71	720,00
831,95	724,00
832,20	732,00
832,45	717,00
832,69	719,00
832,94	730,00
833,19	729,00
833,43	720,00
833,68	724,00
833,93	739,00
834,18	732,00
834,42	732,00
834,67	718,00
834,92	720,00
835,16	734,00
835,41	740,00
835,66	741,00
835,90	758,00
836,15	768,00
836,40	779,00
836,65	850,00
836,89	1225,00
837,14	1676,00
837,39	1499,00
837,63	1243,00
837,88	860,00
838,13	804,00
838,37	769,00
838,62	748,00
838,87	746,00
839,11	725,00
839,36	732,00
839,61	728,00
839,85	726,00
840,10	742,00
840,35	737,00
840,59	752,00
840,84	770,00
841,09	845,00
841,33	902,00
841,58	856,00
841,83	784,00
842,07	744,00
842,32	736,00
842,57	724,00
842,81	717,00
843,06	728,00
843,31	731,00
843,55	719,00
843,80	726,00
844,05	721,00
844,29	722,00
844,54	709,00
844,79	723,00
845,03	722,00
845,28	719,00
845,53	743,00
845,77	755,00
846,02	757,00
846,27	743,00
846,51	728,00
846,76	729,00
847,01	718,00
847,25	723,00
847,50	717,00
847,74	725,00
847,99	740,00
848,24	768,00
848,48	841,00
848,73	1075,00
848,98	1252,00
849,22	1091,00
849,47	914,00
849,72	779,00
849,96	773,00
850,21	757,00
850,45	735,00
850,70	740,00
850,95	732,00
851,19	712,00
851,44	717,00
851,69	732,00
851,93	733,00
852,18	721,00
852,43	721,00
852,67	714,00
852,92	716,00
853,16	717,00
853,41	723,00
853,66	728,00
853,90	733,00
854,15	722,00
854,39	720,00
854,64	723,00
854,89	717,00
855,13	720,00
855,38	725,00
855,63	731,00
855,87	735,00
856,12	725,00
856,36	725,00
856,61	729,00
856,86	733,00
857,10	732,00
857,35	747,00
857,59	754,00
857,84	742,00
858,09	789,00
858,33	897,00
858,58	960,00
858,82	887,00
859,07	802,00
859,32	752,00
859,56	733,00
859,81	731,00
860,05	730,00
860,30	733,00
860,55	731,00
860,79	726,00
861,04	726,00
861,28	736,00
861,53	735,00
861,77	730,00
862,02	721,00
862,27	738,00
862,51	797,00
862,76	884,00
863,00	889,00
863,25	874,00
863,50	773,00
863,74	759,00
863,99	773,00
864,23	795,00
864,48	920,00
864,72	1117,00
864,97	1117,00
865,22	1029,00
865,46	829,00
865,71	768,00
865,95	736,00
866,20	723,00
866,44	738,00
866,69	739,00
866,94	749,00
867,18	786,00
867,43	818,00
867,67	827,00
867,92	783,00
868,16	757,00
868,41	742,00
868,65	726,00
868,90	722,00
869,15	719,00
869,39	733,00
869,64	723,00
869,88	726,00
870,13	736,00
870,37	724,00
870,62	726,00
870,86	732,00
871,11	729,00
871,35	718,00
871,60	720,00
871,85	713,00
872,09	720,00
872,34	715,00
872,58	721,00
872,83	719,00
873,07	714,00
873,32	725,00
873,56	723,00
873,81	727,00
874,05	732,00
874,30	729,00
874,54	722,00
874,79	720,00
875,04	727,00
875,28	723,00
875,53	725,00
875,77	712,00
876,02	743,00
876,26	754,00
876,51	768,00
876,75	780,00
877,00	842,00
877,24	997,00
877,49	1136,00
877,73	1118,00
877,98	973,00
878,22	848,00
878,47	759,00
878,71	732,00
878,96	728,00
879,20	733,00
879,45	734,00
879,69	735,00
879,94	723,00
880,18	716,00
880,43	712,00
880,67	726,00
880,92	715,00
881,16	717,00
881,41	715,00
881,65	718,00
881,90	721,00
882,14	728,00
882,39	724,00
882,63	731,00
882,88	717,00
883,12	706,00
883,37	714,00
883,61	715,00
883,86	711,00
884,10	725,00
884,35	750,00
884,59	797,00
884,84	813,00
885,08	804,00
885,33	769,00
885,57	768,00
885,82	779,00
886,06	786,00
886,31	768,00
886,55	744,00
886,80	739,00
887,04	733,00
887,29	729,00
887,53	737,00
887,78	712,00
888,02	715,00
888,27	724,00
888,51	724,00
888,76	725,00
889,00	728,00
889,24	724,00
889,49	724,00
889,73	719,00
889,98	714,00
890,22	722,00
890,47	724,00
890,71	714,00
890,96	724,00
891,20	740,00
891,45	732,00
891,69	736,00
891,94	725,00
892,18	720,00
892,42	721,00
892,67	717,00
892,91	726,00
893,16	720,00
893,40	719,00
893,65	710,00
893,89	712,00
894,14	718,00
894,38	722,00
894,63	724,00
894,87	729,00
895,11	725,00
895,36	725,00
895,60	722,00
895,85	733,00
896,09	722,00
896,34	725,00
896,58	716,00
896,83	725,00
897,07	732,00
897,31	717,00
897,56	721,00
897,80	742,00
898,05	745,00
898,29	741,00
898,54	734,00
898,78	734,00
899,02	718,00
899,27	720,00
899,51	720,00
899,76	720,00
900,00	727,00
900,25	738,00
900,49	736,00
900,73	728,00
900,98	708,00
901,22	729,00
901,47	748,00
901,71	724,00
901,95	716,00
902,20	709,00
902,44	714,00
902,69	726,00
902,93	720,00
903,18	712,00
903,42	721,00
903,66	732,00
903,91	721,00
904,15	704,00
904,40	710,00
904,64	714,00
904,88	713,00
905,13	727,00
905,37	716,00
905,62	720,00
905,86	729,00
906,10	719,00
906,35	723,00
906,59	730,00
906,84	731,00
907,08	720,00
907,32	723,00
907,57	724,00
907,81	721,00
908,05	715,00
908,30	722,00
908,54	731,00
908,79	726,00
909,03	722,00
909,27	714,00
909,52	724,00
909,76	722,00
910,01	724,00
910,25	727,00
910,49	733,00
910,74	724,00
910,98	714,00
911,22	721,00
911,47	723,00
911,71	704,00
911,96	716,00
912,20	718,00
912,44	713,00
912,69	718,00
912,93	717,00
913,17	720,00
913,42	718,00
913,66	725,00
913,91	728,00
914,15	744,00
914,39	752,00
914,64	733,00
914,88	713,00
915,12	715,00
915,37	718,00
915,61	724,00
915,85	709,00
916,10	710,00
916,34	710,00
916,58	711,00
916,83	709,00
917,07	714,00
917,32	727,00
917,56	733,00
917,80	726,00
918,05	716,00
918,29	722,00
918,53	726,00
918,78	723,00
919,02	721,00
919,26	740,00
919,51	749,00
919,75	737,00
919,99	730,00
920,24	718,00
920,48	708,00
920,72	712,00
920,97	731,00
921,21	739,00
921,45	740,00
921,70	729,00
921,94	716,00
922,18	730,00
922,43	734,00
922,67	720,00
922,91	725,00
923,16	720,00
923,40	712,00
923,64	706,00
923,89	700,00
924,13	710,00
924,37	718,00
924,61	726,00
924,86	718,00
925,10	715,00
925,34	723,00
925,59	714,00
925,83	714,00
926,07	713,00
926,32	727,00
926,56	734,00
926,80	734,00
927,05	729,00
927,29	730,00
927,53	713,00
927,78	714,00
928,02	710,00
928,26	717,00
928,50	724,00
928,75	723,00
928,99	733,00
929,23	768,00
929,48	768,00
929,72	734,00
929,96	720,00
930,21	722,00
930,45	715,00
930,69	711,00
930,93	718,00
931,18	722,00
931,42	715,00
931,66	716,00
931,91	718,00
932,15	717,00
932,39	717,00
932,63	717,00
932,88	728,00
933,12	715,00
933,36	714,00
933,60	720,00
933,85	723,00
934,09	724,00
934,33	737,00
934,58	732,00
934,82	726,00
935,06	711,00
935,30	728,00
935,55	723,00
935,79	705,00
936,03	721,00
936,27	718,00
936,52	720,00
936,76	724,00
937,00	719,00
937,25	718,00
937,49	718,00
937,73	725,00
937,97	713,00
938,22	728,00
938,46	734,00
938,70	721,00
938,94	725,00
939,19	720,00
939,43	701,00
939,67	714,00
939,91	728,00
940,16	725,00
940,40	721,00
940,64	715,00
940,88	713,00
941,13	698,00
941,37	709,00
941,61	730,00
941,85	732,00
942,10	729,00
942,34	729,00
942,58	718,00
942,82	722,00
943,07	728,00
943,31	722,00
943,55	728,00
943,79	730,00
944,03	724,00
944,28	716,00
944,52	716,00
944,76	734,00
945,00	733,00
945,25	733,00
945,49	733,00
945,73	726,00
945,97	732,00
946,22	722,00
946,46	728,00
946,70	719,00
946,94	721,00
947,18	714,00
947,43	716,00
947,67	721,00
947,91	718,00
948,15	718,00
948,39	726,00
948,64	719,00
948,88	717,00
949,12	722,00
949,36	714,00
949,61	721,00
949,85	713,00
950,09	716,00
950,33	737,00
950,57	733,00
950,82	724,00
951,06	722,00
951,30	716,00
951,54	722,00
951,78	725,00
952,03	731,00
952,27	737,00
952,51	740,00
952,75	731,00
952,99	730,00
953,24	732,00
953,48	717,00
953,72	722,00
953,96	717,00
954,20	708,00
954,44	706,00
954,69	711,00
954,93	714,00
955,17	720,00
955,41	729,00
955,65	730,00
955,90	728,00
956,14	724,00
956,38	721,00
956,62	730,00
956,86	716,00
957,10	715,00
957,35	718,00
957,59	719,00
957,83	725,00
958,07	727,00
958,31	714,00
958,55	722,00
958,80	731,00
959,04	725,00
959,28	732,00
959,52	735,00
959,76	721,00
960,00	721,00
960,25	722,00
960,49	730,00
960,73	720,00
960,97	711,00
961,21	717,00
961,45	717,00
961,70	709,00
961,94	713,00
962,18	721,00
962,42	725,00
962,66	735,00
962,90	734,00
963,14	728,00
963,39	721,00
963,63	721,00
963,87	725,00
964,11	723,00
964,35	725,00
964,59	731,00
964,83	733,00
965,08	723,00
965,32	742,00
965,56	755,00
965,80	751,00
966,04	747,00
966,28	740,00
966,52	728,00
966,77	732,00
967,01	717,00
967,25	712,00
967,49	721,00
967,73	719,00
967,97	726,00
968,21	728,00
968,45	718,00
968,70	722,00
968,94	719,00
969,18	722,00
969,42	736,00
969,66	720,00
969,90	712,00
970,14	713,00
970,38	718,00
970,63	714,00
970,87	715,00
971,11	712,00
971,35	726,00
971,59	711,00
971,83	721,00
972,07	737,00
972,31	730,00
972,55	735,00
972,79	716,00
973,04	715,00
973,28	714,00
973,52	722,00
973,76	715,00
974,00	715,00
974,24	706,00
974,48	726,00
974,72	722,00
974,96	721,00
975,20	725,00
975,45	722,00
975,69	717,00
975,93	724,00
976,17	723,00
976,41	727,00
976,65	719,00
976,89	733,00
977,13	726,00
977,37	728,00
977,61	713,00
977,85	714,00
978,10	726,00
978,34	727,00
978,58	710,00
978,82	720,00
979,06	709,00
979,30	720,00
979,54	723,00
979,78	709,00
980,02	712,00
980,26	725,00
980,50	731,00
980,74	718,00
980,98	722,00
981,22	731,00
981,47	728,00
981,71	729,00
981,95	758,00
982,19	793,00
982,43	738,00
982,67	734,00
982,91	726,00
983,15	725,00
983,39	717,00
983,63	724,00
983,87	722,00
984,11	708,00
984,35	716,00
984,59	735,00
984,83	729,00
985,07	723,00
985,31	718,00
985,55	714,00
985,80	715,00
986,04	727,00
986,28	733,00
986,52	726,00
986,76	731,00
987,00	724,00
987,24	704,00
987,48	731,00
987,72	727,00
987,96	710,00
988,20	715,00
988,44	717,00
988,68	721,00
988,92	722,00
989,16	733,00
989,40	730,00
989,64	733,00
989,88	737,00
990,12	735,00
990,36	735,00
990,60	727,00
990,84	722,00
991,08	720,00
991,32	727,00
991,56	727,00
991,80	726,00
992,04	727,00
992,28	713,00
992,52	724,00
992,76	724,00
993,00	728,00
993,24	731,00
993,48	722,00
993,72	741,00
993,96	746,00
994,20	723,00
994,44	738,00
994,68	740,00
994,92	711,00
995,16	718,00
995,40	732,00
995,64	725,00
995,88	720,00
996,12	713,00
996,36	711,00
996,60	734,00
996,84	749,00
997,08	728,00
997,32	717,00
997,56	720,00
997,80	717,00
998,04	732,00
998,28	728,00
998,52	722,00
998,76	718,00
999,00	706,00
999,24	716,00
999,48	718,00
999,72	725,00
999,96	722,00
1000,20	728,00
1000,44	738,00
1000,68	728,00
1000,92	724,00
1001,16	722,00
1001,40	719,00
1001,64	716,00
1001,88	731,00
1002,12	732,00
1002,36	723,00
1002,60	710,00
1002,84	709,00
1003,08	714,00
1003,32	713,00
1003,56	740,00
1003,80	733,00
1004,04	728,00
1004,28	730,00
1004,52	722,00
1004,76	733,00
1005,00	730,00
1005,24	746,00
1005,48	729,00
1005,72	734,00
1005,96	724,00
1006,19	720,00
1006,43	727,00
1006,67	720,00
1006,91	714,00
1007,15	710,00
1007,39	725,00
1007,63	727,00
1007,87	732,00
1008,11	726,00
1008,35	726,00
1008,59	729,00
1008,83	719,00
1009,07	725,00
1009,31	732,00
1009,55	726,00
1009,79	722,00
1010,03	724,00
1010,27	733,00
1010,50	715,00
1010,74	728,00
1010,98	729,00
1011,22	718,00
1011,46	716,00
1011,70	716,00
1011,94	732,00
1012,18	731,00
1012,42	730,00
1012,66	733,00
1012,90	722,00
1013,14	712,00
1013,38	713,00
1013,61	719,00
1013,85	721,00
1014,09	721,00
1014,33	730,00
1014,57	741,00
1014,81	729,00
1015,05	722,00
1015,29	714,00
1015,53	721,00
1015,77	722,00
1016,01	719,00
1016,25	720,00
1016,48	724,00
1016,72	728,00
1016,96	726,00
1017,20	726,00
1017,44	717,00
1017,68	717,00
1017,92	729,00
1018,16	729,00
1018,40	723,00
1018,64	726,00
1018,87	724,00
1019,11	724,00
1019,35	725,00
1019,59	729,00
1019,83	733,00
1020,07	721,00
1020,31	722,00
1020,55	729,00
1020,79	721,00
1021,02	723,00
1021,26	722,00
1021,50	723,00
1021,74	729,00
1021,98	728,00
1022,22	723,00
1022,46	735,00
1022,70	725,00
1022,93	724,00
1023,17	734,00
1023,41	727,00
1023,65	726,00
1023,89	728,00
1024,13	733,00
1024,37	738,00
1024,61	728,00
1024,84	730,00
1025,08	721,00
1025,32	727,00
1025,56	726,00
1025,80	709,00
1026,04	709,00
1026,28	729,00
1026,51	737,00
1026,75	737,00
1026,99	726,00
1027,23	721,00
1027,47	723,00
1027,71	738,00
1027,95	730,00
1028,18	717,00
1028,42	721,00
1028,66	731,00
1028,90	721,00
1029,14	714,00
1029,38	723,00
1029,62	728,00
1029,85	721,00
1030,09	720,00
1030,33	724,00
1030,57	705,00
1030,81	712,00
1031,05	722,00
1031,28	726,00
1031,52	721,00
1031,76	729,00
1032,00	740,00
1032,24	727,00
1032,48	722,00
1032,71	723,00
1032,95	716,00
1033,19	724,00
1033,43	740,00
1033,67	728,00
1033,91	729,00
1034,14	718,00
1034,38	722,00
1034,62	718,00
1034,86	731,00
1035,10	737,00
1035,33	721,00
1035,57	709,00
1035,81	722,00
1036,05	726,00
1036,29	733,00
1036,53	736,00
1036,76	722,00
1037,00	721,00
1037,24	708,00
1037,48	714,00
1037,72	709,00
1037,95	727,00
1038,19	740,00
1038,43	734,00
1038,67	736,00
1038,91	735,00
1039,14	721,00
1039,38	714,00
1039,62	719,00
1039,86	719,00
1040,10	724,00
1040,33	726,00
1040,57	722,00
1040,81	723,00
1041,05	714,00
1041,29	723,00
1041,52	731,00
1041,76	723,00
1042,00	723,00
1042,24	739,00
1042,48	728,00
1042,71	726,00
1042,95	726,00
1043,19	721,00
1043,43	724,00
1043,66	707,00
1043,90	715,00
1044,14	709,00
1044,38	717,00
1044,62	726,00
1044,85	720,00
1045,09	715,00
1045,33	718,00
1045,57	720,00
1045,80	713,00
1046,04	723,00
1046,28	733,00
1046,52	731,00
1046,75	741,00
1046,99	732,00
1047,23	720,00
1047,47	719,00
1047,70	716,00
1047,94	715,00
1048,18	727,00
1048,42	709,00
1048,66	717,00
1048,89	714,00
1049,13	712,00
1049,37	720,00
1049,61	714,00
1049,84	712,00
1050,08	733,00
1050,32	733,00
1050,56	726,00
1050,79	730,00
1051,03	720,00
1051,27	727,00
1051,51	721,00
1051,74	724,00
1051,98	736,00
1052,22	734,00
1052,45	729,00
1052,69	722,00
1052,93	718,00
1053,17	722,00
1053,40	712,00
1053,64	721,00
1053,88	718,00
1054,12	716,00
1054,35	713,00
1054,59	719,00
1054,83	732,00
1055,07	734,00
1055,30	722,00
1055,54	725,00
1055,78	728,00
1056,01	730,00
1056,25	734,00
1056,49	725,00
1056,73	713,00
1056,96	724,00
1057,20	724,00
1057,44	712,00
1057,67	720,00
1057,91	724,00
1058,15	720,00
1058,39	715,00
1058,62	726,00
1058,86	723,00
1059,10	722,00
1059,33	727,00
1059,57	733,00
1059,81	723,00
1060,04	714,00
1060,28	728,00
1060,52	738,00
1060,76	728,00
1060,99	719,00
1061,23	720,00
1061,47	721,00
1061,70	720,00
1061,94	723,00
1062,18	722,00
1062,41	720,00
1062,65	716,00
1062,89	705,00
1063,12	707,00
1063,36	717,00
1063,60	726,00
1063,84	729,00
1064,07	734,00
1064,31	729,00
1064,55	728,00
1064,78	749,00
1065,02	734,00
1065,26	725,00
1065,49	721,00
1065,73	722,00
1065,97	725,00
1066,20	722,00
1066,44	714,00
1066,68	703,00
1066,91	718,00
1067,15	722,00
1067,39	710,00
1067,62	716,00
1067,86	716,00
1068,10	718,00
1068,33	724,00
1068,57	726,00
1068,81	723,00
1069,04	727,00
1069,28	727,00
1069,52	715,00
1069,75	701,00
1069,99	718,00
1070,23	717,00
1070,46	717,00
1070,70	724,00
1070,94	736,00
1071,17	737,00
1071,41	716,00
1071,64	722,00
1071,88	730,00
1072,12	716,00
1072,35	724,00
1072,59	716,00
1072,83	709,00
1073,06	707,00
1073,30	716,00
1073,54	709,00
1073,77	713,00
1074,01	722,00
1074,25	721,00
1074,48	724,00
1074,72	735,00
1074,95	734,00
1075,19	726,00
1075,43	708,00
1075,66	715,00
1075,90	716,00
1076,14	711,00
1076,37	701,00
1076,61	719,00
1076,84	726,00
1077,08	705,00
1077,32	713,00
1077,55	725,00
1077,79	730,00
1078,03	710,00
1078,26	706,00
1078,50	710,00
1078,73	723,00
1078,97	733,00
1079,21	725,00
1079,44	728,00
1079,68	727,00
1079,91	723,00
1080,15	717,00
1080,39	711,00
1080,62	720,00
1080,86	727,00
1081,09	718,00
1081,33	725,00
1081,57	727,00
1081,80	721,00
1082,04	722,00
1082,27	720,00
1082,51	719,00
1082,75	713,00
1082,98	716,00
1083,22	724,00
1083,45	722,00
1083,69	722,00
1083,93	721,00
1084,16	702,00
1084,40	718,00
1084,63	726,00
1084,87	724,00
1085,10	720,00
1085,34	721,00
1085,58	734,00
1085,81	721,00
1086,05	720,00
1086,28	727,00
1086,52	724,00
1086,75	716,00
1086,99	716,00
1087,23	726,00
1087,46	721,00
1087,70	717,00
1087,93	710,00
1088,17	726,00
1088,40	724,00
1088,64	728,00
1088,88	727,00
1089,11	729,00
1089,35	710,00
1089,58	710,00
1089,82	722,00
1090,05	727,00
1090,29	721,00
1090,53	717,00
1090,76	717,00
1091,00	726,00
1091,23	708,00
1091,47	712,00
1091,70	723,00
1091,94	742,00
1092,17	734,00
1092,41	738,00
1092,64	739,00
1092,88	732,00
1093,12	731,00
1093,35	716,00
1093,59	728,00
1093,82	724,00
1094,06	719,00
1094,29	722,00
1094,53	727,00
1094,76	729,00
1095,00	723,00
1095,23	718,00
1095,47	720,00
1095,70	738,00
1095,94	738,00
1096,18	722,00
1096,41	722,00
1096,65	711,00
1096,88	719,00
1097,12	730,00
1097,35	738,00
1097,59	721,00
1097,82	721,00
1098,06	730,00
1098,29	721,00
1098,53	726,00
1098,76	734,00
1099,00	716,00
1099,23	716,00
1099,47	719,00
1099,70	721,00
1099,94	726,00
1100,17	738,00
1100,41	720,00
1100,64	717,00
1100,88	712,00
1101,11	721,00
1101,35	717,00
1101,58	718,00
1101,82	727,00
1102,05	728,00
1102,29	729,00
1102,52	724,00
1102,76	721,00
1102,99	721,00
1103,23	717,00
1103,46	712,00
1103,70	731,00
1103,93	717,00
1104,17	704,00
1104,40	727,00
1104,64	724,00
1104,87	718,00
1105,11	719,00
1105,34	731,00
1105,58	729,00
1105,81	722,00
1106,05	714,00
1106,28	723,00
1106,52	731,00
1106,75	731,00
1106,99	727,00
1107,22	726,00
1107,45	726,00
1107,69	710,00
1107,92	706,00
1108,16	720,00
1108,39	728,00
1108,63	729,00
1108,86	724,00
1109,10	723,00
1109,33	717,00
1109,57	717,00
1109,80	728,00
1110,04	731,00
1110,27	727,00
1110,51	735,00
1110,74	725,00
1110,97	730,00
1111,21	725,00
1111,44	729,00
1111,68	733,00
1111,91	730,00
1112,15	731,00
1112,38	728,00
1112,62	725,00
1112,85	726,00
1113,08	729,00
1113,32	720,00
1113,55	709,00
1113,79	716,00
1114,02	732,00
1114,26	732,00
1114,49	722,00
1114,73	720,00
1114,96	716,00
1115,19	724,00
1115,43	732,00
1115,66	728,00
1115,90	726,00
1116,13	724,00
1116,37	727,00
1116,60	713,00
1116,83	709,00
1117,07	709,00
