195,84	732,00
196,11	648,00
196,37	665,00
196,64	665,00
196,91	683,00
197,18	721,00
197,45	736,00
197,72	719,00
197,98	712,00
198,25	723,00
198,52	721,00
198,79	720,00
199,06	720,00
199,32	709,00
199,59	706,00
199,86	714,00
200,13	709,00
200,40	709,00
200,66	704,00
200,93	714,00
201,20	730,00
201,47	725,00
201,74	720,00
202,00	707,00
202,27	702,00
202,54	704,00
202,81	709,00
203,08	718,00
203,35	714,00
203,61	720,00
203,88	724,00
204,15	733,00
204,42	707,00
204,68	726,00
204,95	721,00
205,22	708,00
205,49	721,00
205,76	730,00
206,02	720,00
206,29	714,00
206,56	703,00
206,83	716,00
207,10	719,00
207,36	712,00
207,63	716,00
207,90	707,00
208,17	710,00
208,44	719,00
208,70	720,00
208,97	726,00
209,24	716,00
209,51	714,00
209,78	712,00
210,04	723,00
210,31	733,00
210,58	718,00
210,85	723,00
211,11	726,00
211,38	732,00
211,65	725,00
211,92	720,00
212,19	710,00
212,45	716,00
212,72	721,00
212,99	720,00
213,26	729,00
213,52	721,00
213,79	710,00
214,06	718,00
214,33	715,00
214,60	712,00
214,86	704,00
215,13	718,00
215,40	729,00
215,67	710,00
215,93	710,00
216,20	711,00
216,47	715,00
216,74	721,00
217,00	726,00
217,27	720,00
217,54	722,00
217,81	711,00
218,07	708,00
218,34	724,00
218,61	719,00
218,88	734,00
219,15	720,00
219,41	714,00
219,68	711,00
219,95	714,00
220,22	728,00
220,48	730,00
220,75	723,00
221,02	722,00
221,29	718,00
221,55	715,00
221,82	725,00
222,09	712,00
222,36	710,00
222,62	706,00
222,89	723,00
223,16	732,00
223,43	724,00
223,69	730,00
223,96	741,00
224,23	734,00
224,50	722,00
224,76	718,00
225,03	725,00
225,30	714,00
225,57	715,00
225,83	727,00
226,10	713,00
226,37	712,00
226,64	719,00
226,90	724,00
227,17	718,00
227,44	717,00
227,70	723,00
227,97	734,00
228,24	739,00
228,51	726,00
228,77	731,00
229,04	724,00
229,31	718,00
229,58	720,00
229,84	703,00
230,11	715,00
230,38	726,00
230,65	727,00
230,91	715,00
231,18	725,00
231,45	728,00
231,71	717,00
231,98	702,00
232,25	705,00
232,52	702,00
232,78	722,00
233,05	725,00
233,32	715,00
233,58	709,00
233,85	713,00
234,12	725,00
234,39	721,00
234,65	716,00
234,92	724,00
235,19	728,00
235,45	725,00
235,72	710,00
235,99	710,00
236,26	716,00
236,52	730,00
236,79	719,00
237,06	692,00
237,32	709,00
237,59	711,00
237,86	723,00
238,13	717,00
238,39	712,00
238,66	705,00
238,93	710,00
239,19	715,00
239,46	710,00
239,73	717,00
240,00	726,00
240,26	731,00
240,53	706,00
240,80	715,00
241,06	705,00
241,33	713,00
241,60	718,00
241,86	715,00
242,13	708,00
242,40	701,00
242,67	719,00
242,93	717,00
243,20	712,00
243,47	718,00
243,73	728,00
244,00	719,00
244,27	713,00
244,53	704,00
244,80	725,00
245,07	732,00
245,33	727,00
245,60	715,00
245,87	704,00
246,14	696,00
246,40	707,00
246,67	714,00
246,94	730,00
247,20	717,00
247,47	713,00
247,74	715,00
248,00	715,00
248,27	697,00
248,54	695,00
248,80	709,00
249,07	727,00
249,34	728,00
249,60	716,00
249,87	725,00
250,14	703,00
250,40	702,00
250,67	718,00
250,94	706,00
251,20	713,00
251,47	722,00
251,74	712,00
252,00	719,00
252,27	710,00
252,54	719,00
252,80	716,00
253,07	721,00
253,34	717,00
253,60	720,00
253,87	724,00
254,14	729,00
254,40	719,00
254,67	725,00
254,94	709,00
255,20	706,00
255,47	715,00
255,74	713,00
256,00	713,00
256,27	716,00
256,54	721,00
256,80	721,00
257,07	715,00
257,34	718,00
257,60	722,00
257,87	733,00
258,14	722,00
258,40	717,00
258,67	704,00
258,94	702,00
259,20	725,00
259,47	720,00
259,74	713,00
260,00	708,00
260,27	699,00
260,54	740,00
260,80	777,00
261,07	735,00
261,33	730,00
261,60	724,00
261,87	720,00
262,13	715,00
262,40	719,00
262,67	715,00
262,93	720,00
263,20	705,00
263,47	694,00
263,73	701,00
264,00	703,00
264,26	706,00
264,53	713,00
264,80	734,00
265,06	723,00
265,33	719,00
265,60	716,00
265,86	725,00
266,13	720,00
266,40	719,00
266,66	722,00
266,93	713,00
267,19	718,00
267,46	717,00
267,73	713,00
267,99	717,00
268,26	711,00
268,53	721,00
268,79	721,00
269,06	713,00
269,32	705,00
269,59	714,00
269,86	710,00
270,12	711,00
270,39	708,00
270,66	716,00
270,92	730,00
271,19	720,00
271,45	720,00
271,72	720,00
271,99	719,00
272,25	720,00
272,52	724,00
272,78	722,00
273,05	712,00
273,32	701,00
273,58	710,00
273,85	722,00
274,12	723,00
274,38	722,00
274,65	725,00
274,91	718,00
275,18	714,00
275,45	712,00
275,71	707,00
275,98	712,00
276,24	725,00
276,51	711,00
276,78	709,00
277,04	704,00
277,31	706,00
277,57	704,00
277,84	721,00
278,11	722,00
278,37	717,00
278,64	729,00
278,90	720,00
279,17	714,00
279,44	706,00
279,70	718,00
279,97	724,00
280,23	721,00
280,50	733,00
280,77	736,00
281,03	720,00
281,30	719,00
281,56	713,00
281,83	705,00
282,09	705,00
282,36	708,00
282,63	722,00
282,89	726,00
283,16	719,00
283,42	711,00
283,69	720,00
283,96	732,00
284,22	737,00
284,49	716,00
284,75	716,00
285,02	724,00
285,28	725,00
285,55	732,00
285,82	727,00
286,08	714,00
286,35	723,00
286,61	722,00
286,88	717,00
287,14	723,00
287,41	726,00
287,68	719,00
287,94	712,00
288,21	724,00
288,47	729,00
288,74	723,00
289,00	735,00
289,27	727,00
289,54	727,00
289,80	744,00
290,07	717,00
290,33	716,00
290,60	725,00
290,86	719,00
291,13	708,00
291,40	714,00
291,66	725,00
291,93	721,00
292,19	715,00
292,46	714,00
292,72	720,00
292,99	716,00
293,25	713,00
293,52	713,00
293,79	711,00
294,05	708,00
294,32	725,00
294,58	722,00
294,85	709,00
295,11	729,00
295,38	722,00
295,64	703,00
295,91	720,00
296,17	725,00
296,44	723,00
296,71	721,00
296,97	721,00
297,24	713,00
297,50	712,00
297,77	715,00
298,03	722,00
298,30	712,00
298,56	720,00
298,83	711,00
299,09	718,00
299,36	726,00
299,63	721,00
299,89	708,00
300,16	701,00
300,42	702,00
300,69	709,00
300,95	711,00
301,22	705,00
301,48	708,00
301,75	718,00
302,01	723,00
302,28	720,00
302,54	711,00
302,81	718,00
303,07	712,00
303,34	710,00
303,61	699,00
303,87	696,00
304,14	715,00
304,40	720,00
304,67	714,00
304,93	700,00
305,20	708,00
305,46	713,00
305,73	720,00
305,99	716,00
306,26	720,00
306,52	714,00
306,79	716,00
307,05	711,00
307,32	719,00
307,58	729,00
307,85	720,00
308,11	724,00
308,38	719,00
308,64	709,00
308,91	701,00
309,17	702,00
309,44	704,00
309,70	706,00
309,97	710,00
310,23	709,00
310,50	723,00
310,76	709,00
311,03	718,00
311,29	712,00
311,56	692,00
311,82	706,00
312,09	723,00
312,35	721,00
312,62	722,00
312,88	727,00
313,15	725,00
313,41	720,00
313,68	724,00
313,94	712,00
314,21	727,00
314,47	735,00
314,74	724,00
315,00	717,00
315,27	712,00
315,53	729,00
315,80	721,00
316,06	717,00
316,33	712,00
316,59	720,00
316,86	711,00
317,12	709,00
317,39	710,00
317,65	727,00
317,92	724,00
318,18	769,00
318,45	789,00
318,71	736,00
318,98	705,00
319,24	711,00
319,51	733,00
319,77	730,00
320,04	705,00
320,30	699,00
320,57	709,00
320,83	702,00
321,10	721,00
321,36	748,00
321,63	720,00
321,89	699,00
322,15	706,00
322,42	713,00
322,68	711,00
322,95	716,00
323,21	714,00
323,48	719,00
323,74	725,00
324,01	728,00
324,27	726,00
324,54	730,00
324,80	734,00
325,07	716,00
325,33	713,00
325,60	730,00
325,86	726,00
326,12	700,00
326,39	718,00
326,65	724,00
326,92	724,00
327,18	718,00
327,45	710,00
327,71	711,00
327,98	710,00
328,24	717,00
328,51	719,00
328,77	722,00
329,03	722,00
329,30	717,00
329,56	727,00
329,83	715,00
330,09	717,00
330,36	712,00
330,62	723,00
330,89	717,00
331,15	721,00
331,42	723,00
331,68	718,00
331,94	710,00
332,21	711,00
332,47	717,00
332,74	729,00
333,00	727,00
333,27	732,00
333,53	725,00
333,80	734,00
334,06	735,00
334,32	721,00
334,59	716,00
334,85	706,00
335,12	727,00
335,38	733,00
335,65	723,00
335,91	730,00
336,17	724,00
336,44	742,00
336,70	743,00
336,97	716,00
337,23	716,00
337,50	723,00
337,76	712,00
338,02	725,00
338,29	715,00
338,55	709,00
338,82	708,00
339,08	715,00
339,35	702,00
339,61	721,00
339,87	749,00
340,14	728,00
340,40	726,00
340,67	711,00
340,93	729,00
341,19	729,00
341,46	739,00
341,72	719,00
341,99	704,00
342,25	713,00
342,52	726,00
342,78	723,00
343,04	716,00
343,31	716,00
343,57	724,00
343,84	727,00
344,10	744,00
344,36	773,00
344,63	765,00
344,89	761,00
345,16	745,00
345,42	739,00
345,68	750,00
345,95	754,00
346,21	759,00
346,48	759,00
346,74	768,00
347,00	766,00
347,27	729,00
347,53	724,00
347,80	721,00
348,06	721,00
348,32	722,00
348,59	726,00
348,85	719,00
349,12	729,00
349,38	733,00
349,64	735,00
349,91	739,00
350,17	749,00
350,44	739,00
350,70	742,00
350,96	747,00
351,23	759,00
351,49	798,00
351,76	817,00
352,02	799,00
352,28	784,00
352,55	749,00
352,81	718,00
353,07	726,00
353,34	731,00
353,60	710,00
353,87	730,00
354,13	716,00
354,39	714,00
354,66	722,00
354,92	718,00
355,19	710,00
355,45	723,00
355,71	713,00
355,98	710,00
356,24	723,00
356,50	738,00
356,77	734,00
357,03	724,00
357,29	720,00
357,56	734,00
357,82	729,00
358,09	725,00
358,35	727,00
358,61	734,00
358,88	763,00
359,14	757,00
359,40	736,00
359,67	732,00
359,93	722,00
360,20	718,00
360,46	739,00
360,72	729,00
360,99	718,00
361,25	734,00
361,51	733,00
361,78	733,00
362,04	731,00
362,30	729,00
362,57	736,00
362,83	731,00
363,09	723,00
363,36	726,00
363,62	725,00
363,88	711,00
364,15	725,00
364,41	721,00
364,68	727,00
364,94	719,00
365,20	708,00
365,47	711,00
365,73	720,00
365,99	725,00
366,26	718,00
366,52	725,00
366,78	726,00
367,05	734,00
367,31	718,00
367,57	731,00
367,84	726,00
368,10	728,00
368,36	728,00
368,63	723,00
368,89	714,00
369,15	711,00
369,42	727,00
369,68	730,00
369,94	725,00
370,21	744,00
370,47	737,00
370,73	717,00
371,00	723,00
371,26	725,00
371,52	713,00
371,79	721,00
372,05	721,00
372,31	711,00
372,58	726,00
372,84	723,00
373,10	717,00
373,37	716,00
373,63	712,00
373,89	712,00
374,16	718,00
374,42	714,00
374,68	709,00
374,95	714,00
375,21	705,00
375,47	708,00
375,73	717,00
376,00	716,00
376,26	724,00
376,52	716,00
376,79	711,00
377,05	725,00
377,31	711,00
377,58	719,00
377,84	719,00
378,10	702,00
378,37	714,00
378,63	716,00
378,89	715,00
379,15	725,00
379,42	721,00
379,68	733,00
379,94	725,00
380,21	716,00
380,47	724,00
380,73	723,00
381,00	726,00
381,26	738,00
381,52	773,00
381,78	750,00
382,05	723,00
382,31	730,00
382,57	723,00
382,84	710,00
383,10	735,00
383,36	736,00
383,63	728,00
383,89	724,00
384,15	721,00
384,41	724,00
384,68	717,00
384,94	713,00
385,20	723,00
385,47	721,00
385,73	712,00
385,99	743,00
386,25	744,00
386,52	747,00
386,78	778,00
387,04	869,00
387,31	969,00
387,57	1084,00
387,83	1170,00
388,09	1291,00
388,36	1916,00
388,62	2092,00
388,88	1155,00
389,14	820,00
389,41	749,00
389,67	727,00
389,93	724,00
390,20	717,00
390,46	725,00
390,72	736,00
390,98	730,00
391,25	727,00
391,51	717,00
391,77	712,00
392,03	703,00
392,30	712,00
392,56	714,00
392,82	722,00
393,09	713,00
393,35	721,00
393,61	710,00
393,87	713,00
394,14	709,00
394,40	706,00
394,66	726,00
394,92	732,00
395,19	731,00
395,45	727,00
395,71	747,00
395,97	761,00
396,24	762,00
396,50	721,00
396,76	716,00
397,02	728,00
397,29	714,00
397,55	728,00
397,81	708,00
398,07	700,00
398,34	717,00
398,60	716,00
398,86	714,00
399,12	714,00
399,39	712,00
399,65	727,00
399,91	736,00
400,17	717,00
400,44	727,00
400,70	722,00
400,96	732,00
401,22	745,00
401,48	766,00
401,75	755,00
402,01	782,00
402,27	830,00
402,53	775,00
402,80	732,00
403,06	715,00
403,32	708,00
403,58	722,00
403,85	728,00
404,11	723,00
404,37	721,00
404,63	715,00
404,90	721,00
405,16	727,00
405,42	728,00
405,68	717,00
405,94	711,00
406,21	722,00
406,47	724,00
406,73	725,00
406,99	722,00
407,26	721,00
407,52	718,00
407,78	709,00
408,04	717,00
408,30	714,00
408,57	702,00
408,83	708,00
409,09	706,00
409,35	720,00
409,61	721,00
409,88	718,00
410,14	722,00
410,40	722,00
410,66	726,00
410,93	725,00
411,19	715,00
411,45	740,00
411,71	767,00
411,97	749,00
412,24	715,00
412,50	709,00
412,76	730,00
413,02	728,00
413,28	723,00
413,55	704,00
413,81	709,00
414,07	731,00
414,33	719,00
414,59	712,00
414,86	718,00
415,12	708,00
415,38	725,00
415,64	703,00
415,90	710,00
416,17	725,00
416,43	705,00
416,69	720,00
416,95	717,00
417,21	712,00
417,47	718,00
417,74	708,00
418,00	704,00
418,26	722,00
418,52	713,00
418,78	718,00
419,05	732,00
419,31	717,00
419,57	716,00
419,83	713,00
420,09	715,00
420,35	714,00
420,62	706,00
420,88	716,00
421,14	717,00
421,40	708,00
421,66	709,00
421,93	700,00
422,19	700,00
422,45	711,00
422,71	725,00
422,97	718,00
423,23	706,00
423,50	713,00
423,76	718,00
424,02	721,00
424,28	729,00
424,54	720,00
424,80	717,00
425,07	713,00
425,33	707,00
425,59	709,00
425,85	722,00
426,11	726,00
426,37	716,00
426,64	719,00
426,90	709,00
427,16	712,00
427,42	706,00
427,68	705,00
427,94	700,00
428,20	708,00
428,47	705,00
428,73	721,00
428,99	713,00
429,25	712,00
429,51	706,00
429,77	713,00
430,04	719,00
430,30	707,00
430,56	721,00
430,82	712,00
431,08	718,00
431,34	727,00
431,60	717,00
431,87	717,00
432,13	718,00
432,39	728,00
432,65	719,00
432,91	724,00
433,17	714,00
433,43	711,00
433,70	723,00
433,96	728,00
434,22	725,00
434,48	722,00
434,74	729,00
435,00	727,00
435,26	731,00
435,52	725,00
435,79	724,00
436,05	724,00
436,31	716,00
436,57	709,00
436,83	710,00
437,09	722,00
437,35	722,00
437,61	732,00
437,88	729,00
438,14	729,00
438,40	749,00
438,66	756,00
438,92	732,00
439,18	707,00
439,44	712,00
439,70	708,00
439,97	717,00
440,23	718,00
440,49	708,00
440,75	692,00
441,01	723,00
441,27	728,00
441,53	719,00
441,79	725,00
442,06	743,00
442,32	740,00
442,58	744,00
442,84	734,00
443,10	730,00
443,36	726,00
443,62	739,00
443,88	724,00
444,14	716,00
444,40	726,00
444,67	733,00
444,93	729,00
445,19	743,00
445,45	803,00
445,71	923,00
445,97	1046,00
446,23	1077,00
446,49	1053,00
446,75	1319,00
447,01	1263,00
447,28	857,00
447,54	758,00
447,80	746,00
448,06	740,00
448,32	720,00
448,58	721,00
448,84	712,00
449,10	732,00
449,36	726,00
449,62	709,00
449,88	703,00
450,15	721,00
450,41	722,00
450,67	721,00
450,93	719,00
451,19	712,00
451,45	723,00
451,71	719,00
451,97	690,00
452,23	694,00
452,49	714,00
452,75	728,00
453,01	725,00
453,28	728,00
453,54	725,00
453,80	716,00
454,06	706,00
454,32	728,00
454,58	739,00
454,84	730,00
455,10	706,00
455,36	718,00
455,62	721,00
455,88	709,00
456,14	705,00
456,40	710,00
456,66	711,00
456,93	722,00
457,19	727,00
457,45	732,00
457,71	717,00
457,97	709,00
458,23	712,00
458,49	725,00
458,75	724,00
459,01	730,00
459,27	709,00
459,53	711,00
459,79	726,00
460,05	722,00
460,31	715,00
460,57	697,00
460,83	723,00
461,09	722,00
461,35	713,00
461,62	726,00
461,88	720,00
462,14	715,00
462,40	718,00
462,66	713,00
462,92	715,00
463,18	717,00
463,44	714,00
463,70	727,00
463,96	729,00
464,22	713,00
464,48	713,00
464,74	715,00
465,00	727,00
465,26	737,00
465,52	731,00
465,78	726,00
466,04	727,00
466,30	728,00
466,56	726,00
466,82	719,00
467,08	714,00
467,34	721,00
467,60	735,00
467,86	732,00
468,12	726,00
468,39	723,00
468,65	730,00
468,91	750,00
469,17	763,00
469,43	784,00
469,69	815,00
469,95	886,00
470,21	979,00
470,47	974,00
470,73	946,00
470,99	1028,00
471,25	943,00
471,51	784,00
471,77	735,00
472,03	739,00
472,29	744,00
472,55	712,00
472,81	716,00
473,07	720,00
473,33	725,00
473,59	727,00
473,85	744,00
474,11	737,00
474,37	743,00
474,63	736,00
474,89	738,00
475,15	735,00
475,41	712,00
475,67	718,00
475,93	736,00
476,19	718,00
476,45	699,00
476,71	701,00
476,97	726,00
477,23	733,00
477,49	718,00
477,75	738,00
478,01	743,00
478,27	746,00
478,53	734,00
478,79	733,00
479,05	712,00
479,31	723,00
479,57	735,00
479,83	747,00
480,09	762,00
480,35	742,00
480,61	746,00
480,87	746,00
481,13	732,00
481,39	727,00
481,65	739,00
481,91	727,00
482,17	736,00
482,43	736,00
482,69	750,00
482,95	741,00
483,21	736,00
483,47	746,00
483,73	735,00
483,99	729,00
484,25	721,00
484,51	722,00
484,77	723,00
485,03	739,00
485,29	737,00
485,55	741,00
485,80	753,00
486,06	758,00
486,32	754,00
486,58	738,00
486,84	736,00
487,10	737,00
487,36	738,00
487,62	740,00
487,88	736,00
488,14	741,00
488,40	740,00
488,66	738,00
488,92	738,00
489,18	723,00
489,44	731,00
489,70	728,00
489,96	723,00
490,22	733,00
490,48	750,00
490,74	810,00
491,00	931,00
491,26	1061,00
491,52	952,00
491,78	1033,00
492,04	1171,00
492,30	837,00
492,55	742,00
492,81	745,00
493,07	735,00
493,33	722,00
493,59	727,00
493,85	726,00
494,11	746,00
494,37	784,00
494,63	733,00
494,89	717,00
495,15	725,00
495,41	729,00
495,67	721,00
495,93	710,00
496,19	734,00
496,45	733,00
496,71	733,00
496,96	732,00
497,22	723,00
497,48	724,00
497,74	727,00
498,00	741,00
498,26	725,00
498,52	728,00
498,78	743,00
499,04	759,00
499,30	778,00
499,56	789,00
499,82	827,00
500,08	1001,00
500,34	1502,00
500,60	1973,00
500,85	1669,00
501,11	1841,00
501,37	2461,00
501,63	1313,00
501,89	892,00
502,15	829,00
502,41	842,00
502,67	913,00
502,93	943,00
503,19	887,00
503,45	992,00
503,71	1050,00
503,96	929,00
504,22	862,00
504,48	930,00
504,74	906,00
505,00	768,00
505,26	734,00
505,52	729,00
505,78	721,00
506,04	725,00
506,30	739,00
506,56	754,00
506,81	804,00
507,07	857,00
507,33	822,00
507,59	800,00
507,85	838,00
508,11	752,00
508,37	739,00
508,63	731,00
508,89	731,00
509,15	738,00
509,40	723,00
509,66	718,00
509,92	722,00
510,18	746,00
510,44	763,00
510,70	802,00
510,96	782,00
511,22	805,00
511,48	824,00
511,73	756,00
511,99	767,00
512,25	742,00
512,51	739,00
512,77	734,00
513,03	740,00
513,29	760,00
513,55	773,00
513,80	771,00
514,06	791,00
514,32	842,00
514,58	785,00
514,84	778,00
515,10	776,00
515,36	762,00
515,62	737,00
515,88	731,00
516,13	714,00
516,39	707,00
516,65	714,00
516,91	721,00
517,17	718,00
517,43	735,00
517,69	782,00
517,94	804,00
518,20	794,00
518,46	802,00
518,72	820,00
518,98	787,00
519,24	803,00
519,50	807,00
519,76	797,00
520,01	811,00
520,27	832,00
520,53	791,00
520,79	776,00
521,05	753,00
521,31	762,00
521,57	753,00
521,82	754,00
522,08	760,00
522,34	748,00
522,60	731,00
522,86	723,00
523,12	756,00
523,37	759,00
523,63	723,00
523,89	716,00
524,15	713,00
524,41	731,00
524,67	738,00
524,93	731,00
525,18	722,00
525,44	714,00
525,70	730,00
525,96	729,00
526,22	720,00
526,48	730,00
526,73	737,00
526,99	728,00
527,25	728,00
527,51	735,00
527,77	740,00
528,03	728,00
528,28	707,00
528,54	718,00
528,80	728,00
529,06	733,00
529,32	735,00
529,58	750,00
529,83	746,00
530,09	735,00
530,35	744,00
530,61	741,00
530,87	731,00
531,13	751,00
531,38	751,00
531,64	785,00
531,90	914,00
532,16	1022,00
532,42	958,00
532,67	1018,00
532,93	1246,00
533,19	1153,00
533,45	1032,00
533,71	994,00
533,97	1111,00
534,22	941,00
534,48	774,00
534,74	758,00
535,00	762,00
535,26	776,00
535,51	744,00
535,77	749,00
536,03	764,00
536,29	791,00
536,55	762,00
536,80	750,00
537,06	747,00
537,32	738,00
537,58	738,00
537,84	723,00
538,09	720,00
538,35	718,00
538,61	730,00
538,87	751,00
539,13	751,00
539,38	732,00
539,64	748,00
539,90	768,00
540,16	735,00
540,42	736,00
540,67	737,00
540,93	749,00
541,19	743,00
541,45	738,00
541,71	748,00
541,96	748,00
542,22	805,00
542,48	853,00
542,74	812,00
542,99	816,00
543,25	847,00
543,51	744,00
543,77	734,00
544,03	735,00
544,28	707,00
544,54	715,00
544,80	723,00
545,06	736,00
545,31	753,00
545,57	737,00
545,83	732,00
546,09	727,00
546,35	723,00
546,60	719,00
546,86	721,00
547,12	724,00
547,38	731,00
547,63	727,00
547,89	725,00
548,15	732,00
548,41	728,00
548,66	727,00
548,92	726,00
549,18	724,00
549,44	701,00
549,69	720,00
549,95	718,00
550,21	719,00
550,47	724,00
550,73	727,00
550,98	730,00
551,24	729,00
551,50	716,00
551,76	713,00
552,01	711,00
552,27	727,00
552,53	728,00
552,79	721,00
553,04	728,00
553,30	742,00
553,56	720,00
553,82	722,00
554,07	701,00
554,33	708,00
554,59	715,00
554,85	724,00
555,10	754,00
555,36	784,00
555,62	749,00
555,87	743,00
556,13	769,00
556,39	747,00
556,65	729,00
556,90	727,00
557,16	736,00
557,42	735,00
557,68	732,00
557,93	730,00
558,19	743,00
558,45	743,00
558,71	734,00
558,96	720,00
559,22	726,00
559,48	729,00
559,73	712,00
559,99	718,00
560,25	726,00
560,51	725,00
560,76	727,00
561,02	724,00
561,28	737,00
561,54	718,00
561,79	729,00
562,05	728,00
562,31	729,00
562,56	730,00
562,82	724,00
563,08	716,00
563,34	725,00
563,59	727,00
563,85	732,00
564,11	732,00
564,36	757,00
564,62	807,00
564,88	823,00
565,14	794,00
565,39	830,00
565,65	819,00
565,91	768,00
566,16	761,00
566,42	730,00
566,68	725,00
566,93	717,00
567,19	730,00
567,45	741,00
567,71	771,00
567,96	823,00
568,22	853,00
568,48	808,00
568,73	824,00
568,99	802,00
569,25	730,00
569,50	727,00
569,76	732,00
570,02	735,00
570,27	739,00
570,53	738,00
570,79	742,00
571,05	758,00
571,30	755,00
571,56	760,00
571,82	769,00
572,07	735,00
572,33	744,00
572,59	740,00
572,84	741,00
573,10	756,00
573,36	769,00
573,61	836,00
573,87	938,00
574,13	956,00
574,38	912,00
574,64	989,00
574,90	941,00
575,15	1077,00
575,41	1570,00
575,67	1874,00
575,92	1484,00
576,18	1628,00
576,44	1450,00
576,69	897,00
576,95	819,00
577,21	766,00
577,46	748,00
577,72	747,00
577,98	746,00
578,23	747,00
578,49	741,00
578,75	732,00
579,00	753,00
579,26	810,00
579,52	896,00
579,77	896,00
580,03	875,00
580,29	961,00
580,54	890,00
580,80	996,00
581,06	1314,00
581,31	1388,00
581,57	1178,00
581,83	1333,00
582,08	1065,00
582,34	849,00
582,60	799,00
582,85	805,00
583,11	822,00
583,37	833,00
583,62	919,00
583,88	1222,00
584,13	2338,00
584,39	3759,00
584,65	3062,00
584,90	2820,00
585,16	3446,00
585,42	1512,00
585,67	1089,00
585,93	1163,00
586,19	1643,00
586,44	3592,00
586,70	6281,00
586,95	5566,00
587,21	5494,00
587,47	6874,00
587,72	2885,00
587,98	2198,00
588,24	1578,00
588,49	1001,00
588,75	886,00
589,00	900,00
589,26	1043,00
589,52	1190,00
589,77	1166,00
590,03	1203,00
590,29	1108,00
590,54	1046,00
590,80	897,00
591,05	886,00
591,31	863,00
591,57	806,00
591,82	809,00
592,08	788,00
592,34	786,00
592,59	802,00
592,85	907,00
593,10	1102,00
593,36	1738,00
593,62	2722,00
593,87	2472,00
594,13	2101,00
594,38	2524,00
594,64	1228,00
594,90	888,00
595,15	832,00
595,41	861,00
595,66	934,00
595,92	937,00
596,18	985,00
596,43	1298,00
596,69	1577,00
596,94	1362,00
597,20	1293,00
597,46	1370,00
597,71	981,00
597,97	980,00
598,22	945,00
598,48	921,00
598,74	929,00
598,99	857,00
599,25	814,00
599,50	789,00
599,76	779,00
600,02	784,00
600,27	744,00
600,53	748,00
600,78	761,00
601,04	747,00
601,29	751,00
601,55	782,00
601,81	937,00
602,06	1275,00
602,32	1373,00
602,57	1169,00
602,83	1267,00
603,08	989,00
603,34	818,00
603,60	833,00
603,85	871,00
604,11	848,00
604,36	848,00
604,62	841,00
604,88	786,00
605,13	769,00
605,39	765,00
605,64	816,00
605,90	872,00
606,15	1080,00
606,41	1837,00
606,66	2608,00
606,92	2079,00
607,18	2081,00
607,43	1980,00
607,69	1077,00
607,94	968,00
608,20	1101,00
608,45	1910,00
608,71	3721,00
608,96	4075,00
609,22	2993,00
609,48	3625,00
609,73	1844,00
609,99	1051,00
610,24	890,00
610,50	883,00
610,75	974,00
611,01	1115,00
611,26	1014,00
611,52	1005,00
611,78	1061,00
612,03	947,00
612,29	907,00
612,54	949,00
612,80	1147,00
613,05	1722,00
613,31	3922,00
613,56	5880,00
613,82	4254,00
614,07	4373,00
614,33	3690,00
614,58	1490,00
614,84	1105,00
615,10	1153,00
615,35	1805,00
615,61	2506,00
615,86	1961,00
616,12	1944,00
616,37	1788,00
616,63	1046,00
616,88	931,00
617,14	980,00
617,39	1155,00
617,65	1079,00
617,90	1011,00
618,16	1043,00
618,41	828,00
618,67	793,00
618,92	773,00
619,18	775,00
619,44	771,00
619,69	799,00
619,95	821,00
620,20	864,00
620,46	1039,00
620,71	1347,00
620,97	1586,00
621,22	1409,00
621,48	1289,00
621,73	1207,00
621,99	866,00
622,24	786,00
622,50	767,00
622,75	771,00
623,01	765,00
623,26	755,00
623,52	771,00
623,77	824,00
624,03	846,00
624,28	828,00
624,54	849,00
624,79	844,00
625,05	893,00
625,30	1057,00
625,56	1852,00
625,81	3373,00
626,07	3283,00
626,32	2583,00
626,58	2935,00
626,83	1334,00
627,09	964,00
627,34	863,00
627,60	833,00
627,85	812,00
628,11	821,00
628,36	936,00
628,62	1073,00
628,87	1023,00
629,13	1047,00
629,38	1265,00
629,63	1554,00
629,89	1548,00
630,14	1313,00
630,40	1434,00
630,65	998,00
630,91	896,00
631,16	896,00
631,42	972,00
631,67	1337,00
631,93	2268,00
632,18	2921,00
632,44	3498,00
632,69	4937,00
632,95	3430,00
633,20	2786,00
633,46	2458,00
633,71	1185,00
633,97	944,00
634,22	937,00
634,47	985,00
634,73	923,00
634,98	924,00
635,24	899,00
635,49	832,00
635,75	835,00
636,00	840,00
636,26	860,00
636,51	904,00
636,77	979,00
637,02	1244,00
637,28	2518,00
637,53	4289,00
637,78	3712,00
638,04	3268,00
638,29	3256,00
638,55	1724,00
638,80	1957,00
639,06	4357,00
639,31	10297,00
639,57	13115,00
639,82	11408,00
640,07	12825,00
640,33	6538,00
640,58	3332,00
640,84	1471,00
641,09	1103,00
641,35	973,00
641,60	885,00
641,86	828,00
642,11	808,00
642,36	792,00
642,62	768,00
642,87	745,00
643,13	758,00
643,38	799,00
643,64	830,00
643,89	827,00
644,14	802,00
644,40	811,00
644,65	764,00
644,91	744,00
645,16	743,00
645,42	737,00
645,67	738,00
645,92	748,00
646,18	745,00
646,43	750,00
646,69	756,00
646,94	752,00
647,20	762,00
647,45	767,00
647,70	781,00
647,96	787,00
648,21	790,00
648,47	793,00
648,72	815,00
648,97	875,00
649,23	1054,00
649,48	1743,00
649,74	4116,00
649,99	5928,00
650,25	4408,00
650,50	4498,00
650,75	2572,00
651,01	1250,00
651,26	945,00
651,52	877,00
651,77	859,00
652,02	906,00
652,28	1204,00
652,53	1727,00
652,79	1605,00
653,04	1415,00
653,29	1354,00
653,55	896,00
653,80	798,00
654,06	783,00
654,31	754,00
654,56	737,00
654,82	750,00
655,07	753,00
655,32	753,00
655,58	766,00
655,83	771,00
656,09	756,00
656,34	753,00
656,59	768,00
656,85	771,00
657,10	755,00
657,36	762,00
657,61	770,00
657,86	789,00
658,12	789,00
658,37	835,00
658,62	975,00
658,88	1731,00
659,13	3032,00
659,39	2927,00
659,64	2404,00
659,89	2257,00
660,15	1132,00
660,40	900,00
660,65	824,00
660,91	799,00
661,16	784,00
661,42	764,00
661,67	760,00
661,92	760,00
662,18	745,00
662,43	761,00
662,68	757,00
662,94	762,00
663,19	761,00
663,44	763,00
663,70	768,00
663,95	779,00
664,21	778,00
664,46	789,00
664,71	789,00
664,97	802,00
665,22	810,00
665,47	826,00
665,73	871,00
665,98	933,00
666,23	1040,00
666,49	1337,00
666,74	2909,00
666,99	7464,00
667,25	9878,00
667,50	7042,00
667,75	7161,00
668,01	2928,00
668,26	1451,00
668,51	1064,00
668,77	920,00
669,02	859,00
669,28	818,00
669,53	812,00
669,78	794,00
670,04	800,00
670,29	861,00
670,54	1120,00
670,80	2176,00
671,05	3185,00
671,30	2578,00
671,56	2432,00
671,81	1548,00
672,06	961,00
672,31	826,00
672,57	787,00
672,82	771,00
673,07	781,00
673,33	765,00
673,58	763,00
673,83	739,00
674,09	749,00
674,34	747,00
674,59	735,00
674,85	736,00
675,10	724,00
675,35	734,00
675,61	728,00
675,86	738,00
676,11	722,00
676,37	733,00
676,62	735,00
676,87	734,00
677,13	740,00
677,38	735,00
677,63	722,00
677,88	736,00
678,14	730,00
678,39	722,00
678,64	724,00
678,90	732,00
679,15	719,00
679,40	731,00
679,66	734,00
679,91	718,00
680,16	727,00
680,41	724,00
680,67	723,00
680,92	735,00
681,17	732,00
681,43	723,00
681,68	733,00
681,93	722,00
682,19	717,00
682,44	735,00
682,69	731,00
682,94	715,00
683,20	724,00
683,45	740,00
683,70	728,00
683,96	726,00
684,21	725,00
684,46	728,00
684,71	717,00
684,97	716,00
685,22	726,00
685,47	723,00
685,73	720,00
685,98	721,00
686,23	719,00
686,48	723,00
686,74	730,00
686,99	733,00
687,24	738,00
687,49	744,00
687,75	734,00
688,00	740,00
688,25	731,00
688,51	730,00
688,76	726,00
689,01	748,00
689,26	741,00
689,52	749,00
689,77	732,00
690,02	735,00
690,27	753,00
690,53	755,00
690,78	750,00
691,03	770,00
691,28	800,00
691,54	853,00
691,79	1114,00
692,04	2312,00
692,29	3659,00
692,55	3109,00
692,80	2725,00
693,05	1664,00
693,30	1004,00
693,56	845,00
693,81	792,00
694,06	778,00
694,31	768,00
694,57	754,00
694,82	760,00
695,07	752,00
695,32	744,00
695,58	730,00
695,83	737,00
696,08	735,00
696,33	731,00
696,59	725,00
696,84	735,00
697,09	740,00
697,34	734,00
697,60	725,00
697,85	740,00
698,10	750,00
698,35	728,00
698,60	730,00
698,86	752,00
699,11	758,00
699,36	768,00
699,61	754,00
699,87	758,00
700,12	775,00
700,37	777,00
700,62	787,00
700,87	784,00
701,13	814,00
701,38	896,00
701,63	1031,00
701,88	1178,00
702,14	1787,00
702,39	4311,00
702,64	6448,00
702,89	4900,00
703,14	4433,00
703,40	2034,00
703,65	1180,00
703,90	963,00
704,15	906,00
704,40	914,00
704,66	919,00
704,91	993,00
705,16	1200,00
705,41	1802,00
705,67	4130,00
705,92	6315,00
706,17	4909,00
706,42	4266,00
706,67	1980,00
706,93	1165,00
707,18	934,00
707,43	851,00
707,68	816,00
707,93	788,00
708,18	768,00
708,44	759,00
708,69	767,00
708,94	746,00
709,19	733,00
709,44	731,00
709,70	737,00
709,95	736,00
710,20	728,00
710,45	747,00
710,70	735,00
710,96	739,00
711,21	744,00
711,46	734,00
711,71	727,00
711,96	731,00
712,21	736,00
712,47	739,00
712,72	738,00
712,97	736,00
713,22	726,00
713,47	726,00
713,73	741,00
713,98	742,00
714,23	730,00
714,48	729,00
714,73	733,00
714,98	730,00
715,24	721,00
715,49	729,00
715,74	733,00
715,99	745,00
716,24	768,00
716,49	917,00
716,75	1117,00
717,00	1055,00
717,25	974,00
717,50	837,00
717,75	756,00
718,00	741,00
718,25	738,00
718,51	733,00
718,76	726,00
719,01	717,00
719,26	714,00
719,51	723,00
719,76	746,00
720,02	729,00
720,27	723,00
720,52	725,00
720,77	721,00
721,02	727,00
721,27	731,00
721,52	734,00
721,78	734,00
722,03	730,00
722,28	746,00
722,53	759,00
722,78	776,00
723,03	802,00
723,28	857,00
723,54	1327,00
723,79	2406,00
724,04	2740,00
724,29	2074,00
724,54	1628,00
724,79	993,00
725,04	818,00
725,29	773,00
725,55	772,00
725,80	769,00
726,05	770,00
726,30	760,00
726,55	768,00
726,80	803,00
727,05	971,00
727,30	1681,00
727,56	2641,00
727,81	2436,00
728,06	2048,00
728,31	1218,00
728,56	889,00
728,81	795,00
729,06	768,00
729,31	764,00
729,57	769,00
729,82	813,00
730,07	835,00
730,32	793,00
730,57	744,00
730,82	725,00
731,07	723,00
731,32	716,00
731,57	722,00
731,82	718,00
732,08	737,00
732,33	730,00
732,58	724,00
732,83	739,00
733,08	730,00
733,33	726,00
733,58	711,00
733,83	716,00
734,08	724,00
734,33	728,00
734,59	724,00
734,84	725,00
735,09	731,00
735,34	732,00
735,59	725,00
735,84	722,00
736,09	718,00
736,34	725,00
736,59	720,00
736,84	717,00
737,09	722,00
737,35	718,00
737,60	730,00
737,85	721,00
738,10	724,00
738,35	719,00
738,60	717,00
738,85	730,00
739,10	728,00
739,35	725,00
739,60	728,00
739,85	725,00
740,10	716,00
740,35	724,00
740,61	727,00
740,86	720,00
741,11	721,00
741,36	715,00
741,61	722,00
741,86	724,00
742,11	721,00
742,36	727,00
742,61	744,00
742,86	869,00
743,11	1164,00
743,36	1193,00
743,61	1045,00
743,86	945,00
744,11	784,00
744,36	734,00
744,62	733,00
744,87	727,00
745,12	734,00
745,37	723,00
745,62	729,00
745,87	734,00
746,12	726,00
746,37	748,00
746,62	781,00
746,87	769,00
747,12	755,00
747,37	746,00
747,62	757,00
747,87	844,00
748,12	1139,00
748,37	1315,00
748,62	1106,00
748,87	979,00
749,12	796,00
749,37	745,00
749,62	734,00
749,87	740,00
750,12	729,00
750,38	733,00
750,63	721,00
750,88	713,00
751,13	727,00
751,38	738,00
751,63	735,00
751,88	726,00
752,13	732,00
752,38	740,00
752,63	860,00
752,88	1113,00
753,13	1206,00
753,38	1072,00
753,63	993,00
753,88	953,00
754,13	864,00
754,38	829,00
754,63	768,00
754,88	737,00
755,13	724,00
755,38	719,00
755,63	730,00
755,88	723,00
756,13	729,00
756,38	730,00
756,63	731,00
756,88	729,00
757,13	719,00
757,38	722,00
757,63	741,00
757,88	732,00
758,13	726,00
758,38	726,00
758,63	715,00
758,88	714,00
759,13	714,00
759,38	723,00
759,63	724,00
759,88	724,00
760,13	723,00
760,38	720,00
760,63	710,00
760,88	718,00
761,13	724,00
761,38	718,00
761,63	717,00
761,88	713,00
762,13	724,00
762,38	725,00
762,63	715,00
762,88	710,00
763,13	722,00
763,38	735,00
763,63	712,00
763,88	711,00
764,13	710,00
764,38	729,00
764,63	731,00
764,88	717,00
765,13	710,00
765,38	712,00
765,63	722,00
765,88	700,00
766,13	708,00
766,38	716,00
766,63	711,00
766,88	716,00
767,13	724,00
767,37	731,00
767,62	712,00
767,87	716,00
768,12	710,00
768,37	708,00
768,62	717,00
768,87	716,00
769,12	722,00
769,37	721,00
769,62	723,00
769,87	717,00
770,12	730,00
770,37	729,00
770,62	729,00
770,87	730,00
771,12	737,00
771,37	715,00
771,62	720,00
771,87	723,00
772,12	730,00
772,37	732,00
772,62	725,00
772,86	712,00
773,11	717,00
773,36	712,00
773,61	720,00
773,86	717,00
774,11	716,00
774,36	725,00
774,61	727,00
774,86	717,00
775,11	712,00
775,36	718,00
775,61	726,00
775,86	730,00
776,11	721,00
776,36	716,00
776,61	711,00
776,85	728,00
777,10	738,00
777,35	720,00
777,60	714,00
777,85	721,00
778,10	728,00
778,35	731,00
778,60	704,00
778,85	710,00
779,10	721,00
779,35	729,00
779,60	721,00
779,85	733,00
780,09	727,00
780,34	720,00
780,59	707,00
780,84	715,00
781,09	713,00
781,34	724,00
781,59	712,00
781,84	717,00
782,09	721,00
782,34	735,00
782,59	729,00
782,83	713,00
783,08	709,00
783,33	710,00
783,58	725,00
783,83	719,00
784,08	729,00
784,33	726,00
784,58	713,00
784,83	706,00
785,08	713,00
785,32	720,00
785,57	725,00
785,82	728,00
786,07	728,00
786,32	714,00
786,57	719,00
786,82	715,00
787,07	712,00
787,32	726,00
787,57	715,00
787,81	709,00
788,06	733,00
788,31	729,00
788,56	718,00
788,81	717,00
789,06	714,00
789,31	709,00
789,56	725,00
789,80	716,00
790,05	722,00
790,30	723,00
790,55	723,00
790,80	733,00
791,05	722,00
791,30	718,00
791,55	728,00
791,79	734,00
792,04	736,00
792,29	721,00
792,54	721,00
792,79	725,00
793,04	732,00
793,29	745,00
793,54	774,00
793,78	805,00
794,03	778,00
794,28	760,00
794,53	732,00
794,78	720,00
795,03	718,00
795,28	726,00
795,52	729,00
795,77	722,00
796,02	723,00
796,27	713,00
796,52	716,00
796,77	720,00
797,01	714,00
797,26	709,00
797,51	716,00
797,76	725,00
798,01	723,00
798,26	713,00
798,51	718,00
798,75	705,00
799,00	719,00
799,25	716,00
799,50	731,00
799,75	724,00
800,00	724,00
800,24	724,00
800,49	706,00
800,74	714,00
800,99	700,00
801,24	710,00
801,49	711,00
801,73	729,00
801,98	730,00
802,23	724,00
802,48	712,00
802,73	716,00
802,98	723,00
803,22	717,00
803,47	725,00
803,72	717,00
803,97	720,00
804,22	713,00
804,47	715,00
804,71	716,00
804,96	715,00
805,21	727,00
805,46	721,00
805,71	719,00
805,95	730,00
806,20	717,00
806,45	721,00
806,70	734,00
806,95	727,00
807,19	726,00
807,44	717,00
807,69	734,00
807,94	734,00
808,19	730,00
808,43	712,00
808,68	710,00
808,93	714,00
809,18	725,00
809,43	729,00
809,67	729,00
809,92	720,00
810,17	718,00
810,42	727,00
810,67	732,00
810,91	728,00
811,16	744,00
811,41	750,00
811,66	752,00
811,91	734,00
812,15	747,00
812,40	737,00
812,65	772,00
812,90	826,00
813,15	857,00
813,39	809,00
813,64	761,00
813,89	731,00
814,14	737,00
814,38	731,00
814,63	726,00
814,88	730,00
815,13	732,00
815,38	722,00
815,62	721,00
815,87	722,00
816,12	726,00
816,37	732,00
816,61	732,00
816,86	722,00
817,11	702,00
817,36	714,00
817,61	729,00
817,85	728,00
818,10	721,00
818,35	720,00
818,60	712,00
818,84	702,00
819,09	708,00
819,34	715,00
819,59	730,00
819,83	722,00
820,08	724,00
820,33	724,00
820,58	711,00
820,82	707,00
821,07	715,00
821,32	731,00
821,57	726,00
821,81	735,00
822,06	735,00
822,31	720,00
822,56	722,00
822,80	729,00
823,05	729,00
823,30	728,00
823,55	728,00
823,79	722,00
824,04	723,00
824,29	717,00
824,54	722,00
824,78	724,00
825,03	743,00
825,28	752,00
825,53	759,00
825,77	757,00
826,02	782,00
826,27	768,00
826,51	755,00
826,76	729,00
827,01	732,00
827,26	725,00
827,50	717,00
827,75	714,00
828,00	724,00
828,25	731,00
828,49	732,00
828,74	731,00
828,99	773,00
829,23	876,00
829,48	971,00
829,73	896,00
829,98	807,00
830,22	747,00
830,47	751,00
830,72	733,00
830,96	730,00
831,21	718,00
831,46	726,00
831,71	726,00
831,95	733,00
832,20	736,00
832,45	720,00
832,69	729,00
832,94	725,00
833,19	723,00
833,43	724,00
833,68	724,00
833,93	733,00
834,18	716,00
834,42	716,00
834,67	712,00
834,92	714,00
835,16	717,00
835,41	729,00
835,66	745,00
835,90	760,00
836,15	769,00
836,40	781,00
836,65	845,00
836,89	1244,00
837,14	1705,00
837,39	1504,00
837,63	1243,00
837,88	854,00
838,13	796,00
838,37	765,00
838,62	761,00
838,87	745,00
839,11	733,00
839,36	729,00
839,61	731,00
839,85	733,00
840,10	741,00
840,35	745,00
840,59	740,00
840,84	775,00
841,09	876,00
841,33	914,00
841,58	849,00
841,83	780,00
842,07	742,00
842,32	735,00
842,57	741,00
842,81	731,00
843,06	726,00
843,31	726,00
843,55	720,00
843,80	732,00
844,05	723,00
844,29	732,00
844,54	721,00
844,79	724,00
845,03	719,00
845,28	713,00
845,53	736,00
845,77	750,00
846,02	744,00
846,27	737,00
846,51	734,00
846,76	741,00
847,01	732,00
847,25	725,00
847,50	730,00
847,74	730,00
847,99	732,00
848,24	749,00
848,48	845,00
848,73	1074,00
848,98	1257,00
849,22	1098,00
849,47	897,00
849,72	779,00
849,96	762,00
850,21	746,00
850,45	742,00
850,70	734,00
850,95	731,00
851,19	728,00
851,44	738,00
851,69	727,00
851,93	735,00
852,18	706,00
852,43	710,00
852,67	727,00
852,92	726,00
853,16	726,00
853,41	718,00
853,66	724,00
853,90	737,00
854,15	735,00
854,39	739,00
854,64	730,00
854,89	733,00
855,13	720,00
855,38	720,00
855,63	732,00
855,87	728,00
856,12	729,00
856,36	720,00
856,61	730,00
856,86	745,00
857,10	741,00
857,35	735,00
857,59	744,00
857,84	748,00
858,09	796,00
858,33	896,00
858,58	969,00
858,82	907,00
859,07	805,00
859,32	753,00
859,56	738,00
859,81	732,00
860,05	727,00
860,30	730,00
860,55	729,00
860,79	730,00
861,04	736,00
861,28	745,00
861,53	737,00
861,77	738,00
862,02	721,00
862,27	734,00
862,51	800,00
862,76	898,00
863,00	905,00
863,25	870,00
863,50	784,00
863,74	768,00
863,99	772,00
864,23	795,00
864,48	940,00
864,72	1161,00
864,97	1158,00
865,22	1056,00
865,46	840,00
865,71	768,00
865,95	749,00
866,20	737,00
866,44	750,00
866,69	745,00
866,94	747,00
867,18	792,00
867,43	831,00
867,67	825,00
867,92	785,00
868,16	748,00
868,41	730,00
868,65	730,00
868,90	722,00
869,15	730,00
869,39	733,00
869,64	725,00
869,88	737,00
870,13	732,00
870,37	728,00
870,62	730,00
870,86	732,00
871,11	740,00
871,35	732,00
871,60	732,00
871,85	726,00
872,09	718,00
872,34	723,00
872,58	722,00
872,83	724,00
873,07	717,00
873,32	720,00
873,56	725,00
873,81	708,00
874,05	716,00
874,30	715,00
874,54	716,00
874,79	717,00
875,04	724,00
875,28	736,00
875,53	734,00
875,77	727,00
876,02	734,00
876,26	755,00
876,51	777,00
876,75	789,00
877,00	856,00
877,24	993,00
877,49	1129,00
877,73	1134,00
877,98	993,00
878,22	856,00
878,47	768,00
878,71	748,00
878,96	733,00
879,20	730,00
879,45	740,00
879,69	739,00
879,94	732,00
880,18	718,00
880,43	713,00
880,67	728,00
880,92	715,00
881,16	728,00
881,41	706,00
881,65	713,00
881,90	713,00
882,14	716,00
882,39	721,00
882,63	712,00
882,88	721,00
883,12	727,00
883,37	721,00
883,61	716,00
883,86	717,00
884,10	731,00
884,35	768,00
884,59	807,00
884,84	818,00
885,08	800,00
885,33	768,00
885,57	770,00
885,82	794,00
886,06	801,00
886,31	781,00
886,55	734,00
886,80	728,00
887,04	733,00
887,29	738,00
887,53	740,00
887,78	725,00
888,02	720,00
888,27	717,00
888,51	712,00
888,76	722,00
889,00	729,00
889,24	720,00
889,49	728,00
889,73	720,00
889,98	715,00
890,22	705,00
890,47	732,00
890,71	717,00
890,96	727,00
891,20	741,00
891,45	725,00
891,69	726,00
891,94	728,00
892,18	732,00
892,42	732,00
892,67	710,00
892,91	720,00
893,16	733,00
893,40	722,00
893,65	725,00
893,89	705,00
894,14	713,00
894,38	724,00
894,63	712,00
894,87	723,00
895,11	726,00
895,36	730,00
895,60	728,00
895,85	728,00
896,09	722,00
896,34	720,00
896,58	717,00
896,83	719,00
897,07	724,00
897,31	720,00
897,56	721,00
897,80	744,00
898,05	753,00
898,29	732,00
898,54	738,00
898,78	735,00
899,02	719,00
899,27	715,00
899,51	717,00
899,76	720,00
900,00	721,00
900,25	730,00
900,49	737,00
900,73	734,00
900,98	723,00
901,22	726,00
901,47	744,00
901,71	735,00
901,95	725,00
902,20	712,00
902,44	713,00
902,69	714,00
902,93	722,00
903,18	719,00
903,42	721,00
903,66	724,00
903,91	726,00
904,15	716,00
904,40	721,00
904,64	733,00
904,88	722,00
905,13	728,00
905,37	711,00
905,62	715,00
905,86	712,00
906,10	709,00
906,35	725,00
906,59	737,00
906,84	733,00
907,08	719,00
907,32	725,00
907,57	726,00
907,81	721,00
908,05	726,00
908,30	732,00
908,54	726,00
908,79	713,00
909,03	717,00
909,27	720,00
909,52	720,00
909,76	716,00
910,01	732,00
910,25	718,00
910,49	724,00
910,74	731,00
910,98	726,00
911,22	725,00
911,47	717,00
911,71	708,00
911,96	716,00
912,20	716,00
912,44	715,00
912,69	707,00
912,93	711,00
913,17	717,00
913,42	721,00
913,66	729,00
913,91	729,00
914,15	730,00
914,39	737,00
914,64	722,00
914,88	715,00
915,12	724,00
915,37	718,00
915,61	722,00
915,85	720,00
916,10	724,00
916,34	721,00
916,58	712,00
916,83	710,00
917,07	714,00
917,32	722,00
917,56	729,00
917,80	733,00
918,05	711,00
918,29	716,00
918,53	724,00
918,78	721,00
919,02	728,00
919,26	734,00
919,51	734,00
919,75	733,00
919,99	730,00
920,24	730,00
920,48	709,00
920,72	720,00
920,97	737,00
921,21	750,00
921,45	732,00
921,70	729,00
921,94	720,00
922,18	723,00
922,43	734,00
922,67	725,00
922,91	731,00
923,16	739,00
923,40	724,00
923,64	707,00
923,89	709,00
924,13	709,00
924,37	704,00
924,61	713,00
924,86	724,00
925,10	727,00
925,34	725,00
925,59	726,00
925,83	722,00
926,07	721,00
926,32	729,00
926,56	721,00
926,80	732,00
927,05	714,00
927,29	709,00
927,53	720,00
927,78	713,00
928,02	715,00
928,26	717,00
928,50	724,00
928,75	727,00
928,99	731,00
929,23	753,00
929,48	774,00
929,72	740,00
929,96	737,00
930,21	727,00
930,45	723,00
930,69	718,00
930,93	712,00
931,18	720,00
931,42	728,00
931,66	720,00
931,91	719,00
932,15	726,00
932,39	726,00
932,63	717,00
932,88	728,00
933,12	720,00
933,36	719,00
933,60	730,00
933,85	724,00
934,09	718,00
934,33	735,00
934,58	727,00
934,82	723,00
935,06	725,00
935,30	743,00
935,55	740,00
935,79	716,00
936,03	717,00
936,27	722,00
936,52	724,00
936,76	732,00
937,00	718,00
937,25	713,00
937,49	722,00
937,73	725,00
937,97	713,00
938,22	728,00
938,46	732,00
938,70	719,00
938,94	717,00
939,19	718,00
939,43	716,00
939,67	716,00
939,91	718,00
940,16	718,00
940,40	713,00
940,64	717,00
940,88	725,00
941,13	716,00
941,37	714,00
941,61	728,00
941,85	724,00
942,10	714,00
942,34	712,00
942,58	726,00
942,82	721,00
943,07	729,00
943,31	725,00
943,55	718,00
943,79	730,00
944,03	721,00
944,28	715,00
944,52	717,00
944,76	740,00
945,00	728,00
945,25	738,00
945,49	728,00
945,73	721,00
945,97	724,00
946,22	721,00
946,46	740,00
946,70	731,00
946,94	724,00
947,18	732,00
947,43	731,00
947,67	725,00
947,91	721,00
948,15	719,00
948,39	733,00
948,64	723,00
948,88	716,00
949,12	729,00
949,36	731,00
949,61	726,00
949,85	719,00
950,09	712,00
950,33	714,00
950,57	717,00
950,82	720,00
951,06	729,00
951,30	725,00
951,54	728,00
951,78	724,00
952,03	727,00
952,27	736,00
952,51	722,00
952,75	730,00
952,99	732,00
953,24	741,00
953,48	723,00
953,72	712,00
953,96	706,00
954,20	713,00
954,44	723,00
954,69	721,00
954,93	712,00
955,17	716,00
955,41	720,00
955,65	725,00
955,90	726,00
956,14	728,00
956,38	718,00
956,62	730,00
956,86	714,00
957,10	709,00
957,35	714,00
957,59	713,00
957,83	721,00
958,07	732,00
958,31	728,00
958,55	732,00
958,80	728,00
959,04	720,00
959,28	722,00
959,52	732,00
959,76	720,00
960,00	717,00
960,25	734,00
960,49	723,00
960,73	707,00
960,97	712,00
961,21	710,00
961,45	717,00
961,70	710,00
961,94	713,00
962,18	718,00
962,42	719,00
962,66	732,00
962,90	721,00
963,14	722,00
963,39	722,00
963,63	736,00
963,87	728,00
964,11	725,00
964,35	732,00
964,59	734,00
964,83	735,00
965,08	725,00
965,32	732,00
965,56	742,00
965,80	749,00
966,04	745,00
966,28	738,00
966,52	739,00
966,77	733,00
967,01	721,00
967,25	716,00
967,49	734,00
967,73	720,00
967,97	723,00
968,21	718,00
968,45	713,00
968,70	717,00
968,94	722,00
969,18	737,00
969,42	727,00
969,66	720,00
969,90	724,00
970,14	722,00
970,38	708,00
970,63	716,00
970,87	725,00
971,11	716,00
971,35	730,00
971,59	732,00
971,83	724,00
972,07	727,00
972,31	724,00
972,55	731,00
972,79	711,00
973,04	720,00
973,28	716,00
973,52	722,00
973,76	716,00
974,00	710,00
974,24	720,00
974,48	731,00
974,72	722,00
974,96	714,00
975,20	728,00
975,45	723,00
975,69	722,00
975,93	715,00
976,17	717,00
976,41	733,00
976,65	738,00
976,89	732,00
977,13	722,00
977,37	729,00
977,61	723,00
977,85	726,00
978,10	714,00
978,34	714,00
978,58	706,00
978,82	711,00
979,06	721,00
979,30	740,00
979,54	734,00
979,78	715,00
980,02	714,00
980,26	728,00
980,50	732,00
980,74	712,00
980,98	712,00
981,22	722,00
981,47	732,00
981,71	725,00
981,95	755,00
982,19	790,00
982,43	729,00
982,67	716,00
982,91	726,00
983,15	720,00
983,39	722,00
983,63	721,00
983,87	728,00
984,11	716,00
984,35	724,00
984,59	735,00
984,83	730,00
985,07	721,00
985,31	729,00
985,55	725,00
985,80	714,00
986,04	715,00
986,28	717,00
986,52	718,00
986,76	731,00
987,00	730,00
987,24	722,00
987,48	719,00
987,72	723,00
987,96	712,00
988,20	716,00
988,44	727,00
988,68	718,00
988,92	720,00
989,16	734,00
989,40	736,00
989,64	730,00
989,88	728,00
990,12	738,00
990,36	745,00
990,60	733,00
990,84	728,00
991,08	724,00
991,32	719,00
991,56	707,00
991,80	711,00
992,04	724,00
992,28	710,00
992,52	727,00
992,76	726,00
993,00	715,00
993,24	718,00
993,48	711,00
993,72	722,00
993,96	725,00
994,20	721,00
994,44	722,00
994,68	736,00
994,92	726,00
995,16	724,00
995,40	730,00
995,64	721,00
995,88	712,00
996,12	716,00
996,36	714,00
996,60	725,00
996,84	740,00
997,08	722,00
997,32	719,00
997,56	712,00
997,80	715,00
998,04	718,00
998,28	723,00
998,52	710,00
998,76	713,00
999,00	704,00
999,24	722,00
999,48	730,00
999,72	725,00
999,96	726,00
1000,20	729,00
1000,44	746,00
1000,68	741,00
1000,92	734,00
1001,16	717,00
1001,40	733,00
1001,64	725,00
1001,88	730,00
1002,12	730,00
1002,36	732,00
1002,60	720,00
1002,84	706,00
1003,08	718,00
1003,32	731,00
1003,56	741,00
1003,80	732,00
1004,04	733,00
1004,28	740,00
1004,52	726,00
1004,76	728,00
1005,00	722,00
1005,24	728,00
1005,48	717,00
1005,72	728,00
1005,96	719,00
1006,19	713,00
1006,43	717,00
1006,67	725,00
1006,91	718,00
1007,15	717,00
1007,39	716,00
1007,63	724,00
1007,87	728,00
1008,11	716,00
1008,35	734,00
1008,59	725,00
1008,83	718,00
1009,07	747,00
1009,31	734,00
1009,55	712,00
1009,79	715,00
1010,03	730,00
1010,27	735,00
1010,50	733,00
1010,74	735,00
1010,98	724,00
1011,22	734,00
1011,46	724,00
1011,70	719,00
1011,94	731,00
1012,18	712,00
1012,42	721,00
1012,66	728,00
1012,90	720,00
1013,14	727,00
1013,38	742,00
1013,61	726,00
1013,85	721,00
1014,09	728,00
1014,33	725,00
1014,57	726,00
1014,81	732,00
1015,05	720,00
1015,29	722,00
1015,53	719,00
1015,77	720,00
1016,01	720,00
1016,25	722,00
1016,48	727,00
1016,72	722,00
1016,96	730,00
1017,20	738,00
1017,44	723,00
1017,68	721,00
1017,92	727,00
1018,16	747,00
1018,40	708,00
1018,64	712,00
1018,87	723,00
1019,11	723,00
1019,35	734,00
1019,59	739,00
1019,83	727,00
1020,07	714,00
1020,31	734,00
1020,55	728,00
1020,79	722,00
1021,02	722,00
1021,26	720,00
1021,50	728,00
1021,74	743,00
1021,98	736,00
1022,22	727,00
1022,46	724,00
1022,70	718,00
1022,93	709,00
1023,17	714,00
1023,41	734,00
1023,65	721,00
1023,89	733,00
1024,13	730,00
1024,37	733,00
1024,61	722,00
1024,84	730,00
1025,08	716,00
1025,32	727,00
1025,56	732,00
1025,80	730,00
1026,04	726,00
1026,28	726,00
1026,51	737,00
1026,75	725,00
1026,99	727,00
1027,23	732,00
1027,47	728,00
1027,71	729,00
1027,95	730,00
1028,18	723,00
1028,42	730,00
1028,66	730,00
1028,90	722,00
1029,14	723,00
1029,38	717,00
1029,62	720,00
1029,85	717,00
1030,09	715,00
1030,33	718,00
1030,57	715,00
1030,81	717,00
1031,05	721,00
1031,28	720,00
1031,52	720,00
1031,76	732,00
1032,00	739,00
1032,24	720,00
1032,48	728,00
1032,71	723,00
1032,95	733,00
1033,19	726,00
1033,43	728,00
1033,67	734,00
1033,91	725,00
1034,14	717,00
1034,38	720,00
1034,62	717,00
1034,86	733,00
1035,10	732,00
1035,33	718,00
1035,57	713,00
1035,81	721,00
1036,05	723,00
1036,29	725,00
1036,53	720,00
1036,76	721,00
1037,00	713,00
1037,24	714,00
1037,48	725,00
1037,72	721,00
1037,95	726,00
1038,19	724,00
1038,43	721,00
1038,67	721,00
1038,91	716,00
1039,14	705,00
1039,38	699,00
1039,62	708,00
1039,86	720,00
1040,10	727,00
1040,33	736,00
1040,57	730,00
1040,81	716,00
1041,05	716,00
1041,29	712,00
1041,52	729,00
1041,76	718,00
1042,00	725,00
1042,24	726,00
1042,48	731,00
1042,71	726,00
1042,95	728,00
1043,19	726,00
1043,43	723,00
1043,66	713,00
1043,90	709,00
1044,14	719,00
1044,38	728,00
1044,62	714,00
1044,85	729,00
1045,09	732,00
1045,33	724,00
1045,57	718,00
1045,80	704,00
1046,04	721,00
1046,28	730,00
1046,52	722,00
1046,75	723,00
1046,99	714,00
1047,23	716,00
1047,47	710,00
1047,70	713,00
1047,94	722,00
1048,18	724,00
1048,42	715,00
1048,66	701,00
1048,89	706,00
1049,13	723,00
1049,37	716,00
1049,61	719,00
1049,84	725,00
1050,08	718,00
1050,32	728,00
1050,56	741,00
1050,79	736,00
1051,03	728,00
1051,27	718,00
1051,51	727,00
1051,74	732,00
1051,98	732,00
1052,22	731,00
1052,45	727,00
1052,69	717,00
1052,93	731,00
1053,17	721,00
1053,40	712,00
1053,64	718,00
1053,88	721,00
1054,12	727,00
1054,35	722,00
1054,59	724,00
1054,83	728,00
1055,07	725,00
1055,30	713,00
1055,54	730,00
1055,78	727,00
1056,01	733,00
1056,25	729,00
1056,49	718,00
1056,73	711,00
1056,96	722,00
1057,20	722,00
1057,44	716,00
1057,67	723,00
1057,91	729,00
1058,15	725,00
1058,39	724,00
1058,62	729,00
1058,86	708,00
1059,10	710,00
1059,33	721,00
1059,57	732,00
1059,81	725,00
1060,04	717,00
1060,28	721,00
1060,52	735,00
1060,76	724,00
1060,99	732,00
1061,23	733,00
1061,47	722,00
1061,70	720,00
1061,94	728,00
1062,18	729,00
1062,41	718,00
1062,65	725,00
1062,89	725,00
1063,12	710,00
1063,36	716,00
1063,60	714,00
1063,84	724,00
1064,07	732,00
1064,31	721,00
1064,55	720,00
1064,78	726,00
1065,02	719,00
1065,26	718,00
1065,49	717,00
1065,73	719,00
1065,97	730,00
1066,20	726,00
1066,44	716,00
1066,68	710,00
1066,91	726,00
1067,15	738,00
1067,39	722,00
1067,62	721,00
1067,86	720,00
1068,10	711,00
1068,33	718,00
1068,57	723,00
1068,81	717,00
1069,04	720,00
1069,28	717,00
1069,52	709,00
1069,75	712,00
1069,99	718,00
1070,23	715,00
1070,46	721,00
1070,70	724,00
1070,94	734,00
1071,17	729,00
1071,41	712,00
1071,64	726,00
1071,88	733,00
1072,12	730,00
1072,35	716,00
1072,59	711,00
1072,83	719,00
1073,06	720,00
1073,30	708,00
1073,54	708,00
1073,77	725,00
1074,01	724,00
1074,25	730,00
1074,48	726,00
1074,72	724,00
1074,95	722,00
1075,19	722,00
1075,43	710,00
1075,66	714,00
1075,90	731,00
1076,14	724,00
1076,37	728,00
1076,61	733,00
1076,84	717,00
1077,08	711,00
1077,32	718,00
1077,55	716,00
1077,79	729,00
1078,03	726,00
1078,26	725,00
1078,50	709,00
1078,73	704,00
1078,97	724,00
1079,21	725,00
1079,44	728,00
1079,68	727,00
1079,91	720,00
1080,15	721,00
1080,39	730,00
1080,62	732,00
1080,86	725,00
1081,09	712,00
1081,33	730,00
1081,57	732,00
1081,80	727,00
1082,04	725,00
1082,27	721,00
1082,51	731,00
1082,75	726,00
1082,98	724,00
1083,22	731,00
1083,45	724,00
1083,69	720,00
1083,93	715,00
1084,16	715,00
1084,40	730,00
1084,63	732,00
1084,87	718,00
1085,10	721,00
1085,34	727,00
1085,58	745,00
1085,81	720,00
1086,05	722,00
1086,28	728,00
1086,52	720,00
1086,75	726,00
1086,99	728,00
1087,23	725,00
1087,46	731,00
1087,70	731,00
1087,93	729,00
1088,17	740,00
1088,40	726,00
1088,64	717,00
1088,88	719,00
1089,11	718,00
1089,35	709,00
1089,58	716,00
1089,82	723,00
1090,05	718,00
1090,29	711,00
1090,53	725,00
1090,76	715,00
1091,00	724,00
1091,23	721,00
1091,47	725,00
1091,70	725,00
1091,94	727,00
1092,17	720,00
1092,41	740,00
1092,64	730,00
1092,88	725,00
1093,12	720,00
1093,35	713,00
1093,59	723,00
1093,82	729,00
1094,06	709,00
1094,29	723,00
1094,53	726,00
1094,76	723,00
1095,00	724,00
1095,23	725,00
1095,47	720,00
1095,70	717,00
1095,94	742,00
1096,18	725,00
1096,41	721,00
1096,65	724,00
1096,88	722,00
1097,12	728,00
1097,35	739,00
1097,59	718,00
1097,82	728,00
1098,06	729,00
1098,29	722,00
1098,53	725,00
1098,76	732,00
1099,00	718,00
1099,23	722,00
1099,47	726,00
1099,70	721,00
1099,94	738,00
1100,17	722,00
1100,41	728,00
1100,64	729,00
1100,88	718,00
1101,11	726,00
1101,35	726,00
1101,58	718,00
1101,82	716,00
1102,05	725,00
1102,29	729,00
1102,52	728,00
1102,76	726,00
1102,99	724,00
1103,23	718,00
1103,46	715,00
1103,70	723,00
1103,93	728,00
1104,17	730,00
1104,40	737,00
1104,64	731,00
1104,87	730,00
1105,11	724,00
1105,34	732,00
1105,58	721,00
1105,81	716,00
1106,05	708,00
1106,28	712,00
1106,52	724,00
1106,75	732,00
1106,99	730,00
1107,22	729,00
1107,45	725,00
1107,69	720,00
1107,92	722,00
1108,16	723,00
1108,39	740,00
1108,63	734,00
1108,86	725,00
1109,10	718,00
1109,33	719,00
1109,57	716,00
1109,80	724,00
1110,04	726,00
1110,27	731,00
1110,51	741,00
1110,74	729,00
1110,97	729,00
1111,21	737,00
1111,44	726,00
1111,68	725,00
1111,91	723,00
1112,15	731,00
1112,38	714,00
1112,62	716,00
1112,85	718,00
1113,08	720,00
1113,32	721,00
1113,55	720,00
1113,79	726,00
1114,02	732,00
1114,26	730,00
1114,49	701,00
1114,73	716,00
1114,96	725,00
1115,19	724,00
1115,43	734,00
1115,66	715,00
1115,90	713,00
1116,13	713,00
1116,37	712,00
1116,60	715,00
1116,83	713,00
1117,07	722,00
